SiO2,TiO2,Al2O3,FeO,MnO,MgO,CaO,Na2O,K2O,P2O5,Island,Group,Ocean
47.166783672650695,3.450005014542173,15.284324541169392,12.1251629726206,0.24069802427038414,5.1248621000902626,10.761207501755091,3.0287834720690006,2.417009327048441,0.4011633737839736,Jan Mayen,Jan Mayen,Atlantic
47.20603015075376,3.618090452261306,15.045226130653264,11.778894472361808,0.2211055276381909,5.326633165829145,10.73366834170854,3.2763819095477382,2.2110552763819094,0.5829145728643215,Jan Mayen,Jan Mayen,Atlantic
49.15237031773424,3.2991574459445743,15.40960308598112,11.166379047812404,0.21317632727641864,4.628971678002233,8.192061719622373,3.8473251446553647,2.771292254593442,1.3196629783778298,Jan Mayen,Jan Mayen,Atlantic
48.277608915906775,4.417426545086119,13.049645390070921,14.903748733535965,0.2228976697061803,5.0050658561296855,9.665653495440726,3.181357649442755,0.8004052684903747,0.47619047619047605,Jan Mayen,Jan Mayen,Atlantic
48.72415532022189,4.346949067070096,12.960161371659105,14.704992435703481,0.22188603126575895,4.992435703479577,9.450327786182552,3.2375189107413016,0.9178013111447303,0.4437720625315179,Jan Mayen,Jan Mayen,Atlantic
46.27574327143147,2.8771440381803046,14.29518069319655,10.798474872221103,0.17101905122050765,7.544958142081219,13.178526888168529,2.4143866054659897,1.9113893959939086,0.5331770420404062,Jan Mayen,Jan Mayen,Atlantic
46.57799143740752,2.969839401994754,14.99061793387828,11.379588184693947,0.1515224184691201,6.060896738764804,12.42483831446785,2.5758811139750417,2.222328804213762,0.6464956521349124,Jan Mayen,Jan Mayen,Atlantic
47.07201080051576,2.4349333768886665,14.559082971355055,11.160293846547505,0.2121726179031618,8.305042472209479,11.548252488729236,2.4955541248609987,1.778208607188404,0.4344486938017123,Jan Mayen,Jan Mayen,Atlantic
47.20148548400425,2.8754229681375394,15.875574697322753,11.327625510744474,0.17212038893781045,5.366106243355267,11.137201637152442,3.239913203535256,1.9236984645990578,0.8808514022111475,Jan Mayen,Jan Mayen,Atlantic
46.83357390820502,2.216258606109939,15.322406090423712,12.397341642127142,0.22162586061099382,6.05441555578215,11.161884252590054,2.699805938352107,2.5587712997814744,0.5339168460173943,Jan Mayen,Jan Mayen,Atlantic
46.53330423990225,2.943737289959034,15.588656920367255,11.546258201368424,0.16185497126922524,5.057967852163289,11.329847988845765,3.5405774965143015,2.5289839260816445,0.7688111135288198,Jan Mayen,Jan Mayen,Atlantic
49.74199124230759,2.7393848183655933,14.230701280700675,11.00020720626196,0.2215678897207465,5.468698369016606,9.325993903700512,3.5048011646736263,3.202663133236245,0.5639909920164456,Jan Mayen,Jan Mayen,Atlantic
49.587770776040784,2.872033706348251,15.444712728544093,10.555229991454999,0.21088359382277366,4.719775671271602,9.037868306690301,4.016830358529023,3.1130435278599924,0.44185133943819244,Jan Mayen,Jan Mayen,Atlantic
46.970562267611555,2.584238972815078,13.900379162368603,11.732087584784995,0.22208303672629578,8.085841473534677,11.063773102364554,2.4933868214270483,2.483292137939489,0.4643554404277094,Jan Mayen,Jan Mayen,Atlantic
46.335720199640065,3.208090360001207,15.737801766043654,11.616101748520217,0.20176668930825198,5.245933922014552,11.248492928935049,3.510740393963584,2.300140258114072,0.5952117334593433,Jan Mayen,Jan Mayen,Atlantic
46.96074723746516,2.1373420334566755,15.143726729941848,13.4427124365531,0.21272124503597245,4.872329469633464,11.35526265168215,2.714728269982887,2.6944691037889847,0.46596082245974924,Jan Mayen,Jan Mayen,Atlantic
47.890136035409746,3.3170220538210122,16.030592904484525,11.035250447061982,0.20164267804383051,5.313284566454934,9.870409090245502,3.206118580896905,2.631436948471988,0.5041066951095763,Jan Mayen,Jan Mayen,Atlantic
47.61502086351587,3.335060533056386,16.273488143226945,11.01817409092327,0.20090726102749315,5.504858952153312,9.573230987960049,3.3852873483132595,2.601749030306036,0.4922227895173582,Jan Mayen,Jan Mayen,Atlantic
47.331880649143386,3.3172771053245795,16.080703041055123,11.07067808805174,0.20227299422710848,5.613075589802261,9.779899270880696,3.377959003592712,2.7003444729318984,0.5259097849904821,Jan Mayen,Jan Mayen,Atlantic
48.11393766153324,3.133934979206341,15.368334994184943,10.773255063173298,0.2008932678978424,6.147333997673977,10.104931375261472,3.123890315811449,2.5513445023025985,0.48214384295482166,Jan Mayen,Jan Mayen,Atlantic
47.716267204082506,2.3177912263862672,12.002127611417585,9.918540118839807,0.1713150036894198,10.802922585591647,12.798238510915477,2.2472497542788594,1.6426085647867894,0.3829394200116442,Jan Mayen,Jan Mayen,Atlantic
46.55338183187897,2.382732231395096,13.765784950286793,10.837759441996948,0.170195159385364,10.11159476348339,10.632191721603327,2.6129962705635297,2.4628240711058553,0.4705395583007122,Jan Mayen,Jan Mayen,Atlantic
48.03124354627814,2.3481941289291535,12.503371335856533,10.097710492426677,0.18297616589058338,9.738398162398827,12.57452873370287,2.4295168693249685,1.6467854930152508,0.4472750721769816,Jan Mayen,Jan Mayen,Atlantic
47.17995965201905,2.8047534400351024,14.194055801891931,10.838891536598396,0.19032255485952482,8.444311249819968,11.479455151000813,2.64448181489024,1.632767181163292,0.5910016177216824,Jan Mayen,Jan Mayen,Atlantic
48.09215696805149,2.9881528492701452,15.131925539738377,10.03345865934802,0.1911612933876524,6.871745441250873,10.845888119573118,2.877480521519399,2.314057762061055,0.6539728457998635,Jan Mayen,Jan Mayen,Atlantic
48.700890032658265,2.734976914151372,15.250800636531814,9.583086626215035,0.18300960763838178,6.771355482620126,10.645058844299207,3.029825726457654,2.389292099723318,0.711704029704818,Jan Mayen,Jan Mayen,Atlantic
49.81576772325034,2.359161357625473,15.774993112362607,9.035598124861604,0.18225280874359878,6.034593000621382,9.477146054667136,3.4223027419631324,3.1489235288477344,0.7492615470570172,Jan Mayen,Jan Mayen,Atlantic
47.36721002456961,2.3481181037820833,13.916648244398125,10.275573318844094,0.18218157701757545,10.01998673596665,11.254772980196883,2.6517540654780425,1.4878162123101994,0.4959387374367331,Jan Mayen,Jan Mayen,Atlantic
47.75422317491592,2.9241352957681017,14.391136848114684,10.58932384031938,0.18961969494741954,8.213526786406646,10.119703719825445,2.9640552315465056,2.2953963072582364,0.5588791008976577,Jan Mayen,Jan Mayen,Atlantic
47.48956819214329,2.6242906971216273,14.292290873554709,10.410752970570899,0.191775089405042,7.802218111057761,12.324072850713488,2.725224954703229,1.625041547063777,0.5147647136661654,Jan Mayen,Jan Mayen,Atlantic
49.19792332635989,2.3639248579811523,15.506942978637047,9.989015023025335,0.1818403736908579,6.990752144115203,10.112345225808264,2.970059436950679,2.0810620544620404,0.6061345789695263,Jan Mayen,Jan Mayen,Atlantic
48.950848164815994,2.6019375343035596,14.87255345483241,9.823122108786746,0.17211259954537167,6.7832612761999425,10.49886857226767,3.1283996035011667,2.5816889931805744,0.5872076925665621,Jan Mayen,Jan Mayen,Atlantic
48.16063879706484,2.7534773594971105,15.835016316521845,10.678404777632194,0.20171995307671142,6.475210493762436,10.44909356937365,3.005627300843,1.8255655753442381,0.6152458568839697,Jan Mayen,Jan Mayen,Atlantic
46.78848935215601,3.1460359113264946,15.710077090745406,11.056639682657647,0.19097342592716743,6.432789083862482,10.553794590711885,3.13598467838296,2.0705539863682363,0.9146621978616966,Jan Mayen,Jan Mayen,Atlantic
47.972016136581914,3.040903951754042,14.943584106144451,10.729898842071949,0.19068374614959338,6.322671582854938,10.708397744295587,3.000760005196233,2.519032646502523,0.5720512384487801,Jan Mayen,Jan Mayen,Atlantic
48.285855156664034,2.8740384130709495,15.706720418286347,10.321962243898056,0.20098170720775876,6.2605801795216856,10.430950604082678,3.0448728641975444,2.311289632889225,0.5627487801817245,Jan Mayen,Jan Mayen,Atlantic
45.880188938449805,3.2670727947379645,17.343719774534872,11.274773083644003,0.1815040441521091,6.100552595112556,9.932304638323748,3.18640433067036,2.0368787177070025,0.79660108266759,Jan Mayen,Jan Mayen,Atlantic
46.735254811251416,2.901501319108842,15.762481214535923,12.151776670580047,0.2108357359906079,5.752803653458017,10.853020505040341,2.791063552637571,2.2890737050408854,0.5521888323563541,Jan Mayen,Jan Mayen,Atlantic
48.890456997498994,2.805356784056075,16.811812031988218,10.228582910205567,0.18295805113409186,5.671699585156848,9.239381582271639,3.2119302310207236,2.327632983872613,0.6301888427952053,Jan Mayen,Jan Mayen,Atlantic
48.05298598122095,3.233849740061137,16.40168165037258,10.867016539564919,0.19200982831613,5.5581792407300785,9.570174074493428,3.2540613009365194,2.294012159355869,0.57602948494839,Jan Mayen,Jan Mayen,Atlantic
47.7816299672835,2.883026618279131,16.884858690970436,10.343920479109832,0.1814492277238614,5.5442819582290985,9.818419322391167,3.3769717381940874,2.429403548969478,0.7560384488494226,Jan Mayen,Jan Mayen,Atlantic
48.13331917247379,2.9799221733220924,16.475434117587564,11.198319235001652,0.19192719082413476,5.404265636363794,10.1115325271031,2.939516448938064,1.9192719082413476,0.6464915901444539,Jan Mayen,Jan Mayen,Atlantic
48.190766241458924,3.2295382612077193,17.38904507519031,10.612436314010104,0.17156922012666007,5.227815060329995,9.083076359646709,3.1689844188100738,2.301046011110499,0.6257230381089954,Jan Mayen,Jan Mayen,Atlantic
48.30854474293131,3.2507624899930856,16.94824778064507,10.427906622481526,0.2012856030955471,4.528926069649811,10.013958754003468,3.1501196884453124,2.5160700386943393,0.6541782100605282,Jan Mayen,Jan Mayen,Atlantic
48.32153266751266,2.882160238354248,16.68831242907215,10.481715394053179,0.19147218366689064,5.945715177024499,9.432524416432084,3.506964206109365,1.924799320019795,0.6248039677551167,Jan Mayen,Jan Mayen,Atlantic
47.12056739579562,3.398696244079727,16.92330165193681,11.252922853705776,0.2105387053854698,5.113082845075695,9.02308737366299,3.9100045285872964,1.8747970431944216,1.1730013585761887,Jan Mayen,Jan Mayen,Atlantic
47.23978061726035,3.4056586026397,16.928420326904078,11.243143690149548,0.2097326412182806,4.9536852402032,9.078427184162718,3.7052766615229578,2.0973264121828064,1.1385486237563807,Jan Mayen,Jan Mayen,Atlantic
47.16529901408803,3.4063827065730248,16.679181595793953,11.484439905825813,0.2116391622427027,4.99871545106574,9.130718142470888,3.668412145540181,2.1063135670821365,1.148898309317529,Jan Mayen,Jan Mayen,Atlantic
48.19998352584369,3.122101982325943,16.370762017715577,11.131597145936555,0.19259720020841856,4.98725381592326,8.930428072821934,3.6694834987077636,2.280756318257588,1.1150364222592655,Jan Mayen,Jan Mayen,Atlantic
47.130924362293094,3.4685095851038206,17.005898465788437,11.471393589614843,0.21423147437405948,4.917122411823652,9.344572882220882,3.7337485533764663,2.142314743740595,0.5712839316641587,Jan Mayen,Jan Mayen,Atlantic
47.342384486943956,3.3169823525884294,17.730778393836335,11.024461257234014,0.20102923349020785,4.7945472187414575,9.357910818969177,3.427548431008044,2.0806525666236513,0.7237052405647484,Jan Mayen,Jan Mayen,Atlantic
47.222036118836435,3.4130274217497742,17.09570153342126,11.332604025408083,0.20376283114924026,4.788426532007146,9.281396958847893,3.3213341477326157,2.1700741517394087,1.1716362791081314,Jan Mayen,Jan Mayen,Atlantic
48.871850689349834,3.103135090306184,16.92067798427541,10.888472455572252,0.20215863780496313,4.750727988416633,8.975843518540364,3.3255095918916435,2.304608470976579,0.6570155728661302,Jan Mayen,Jan Mayen,Atlantic
47.311285929270625,3.1743692381268396,16.54120200442452,11.411772220326052,0.1926933403335781,4.563789639479481,10.263455811451633,3.5800394283027934,2.312320084002937,0.6490723042815263,Jan Mayen,Jan Mayen,Atlantic
48.41401134099725,2.86860566157676,16.476868308775988,10.147218452997402,0.20130566046152704,5.43525283246123,9.642541136107145,3.2108252843613556,2.8887362276229127,0.7146350946384209,Jan Mayen,Jan Mayen,Atlantic
47.773854978533606,2.535228984214265,12.27050828359704,9.877680069151312,0.14197282311599885,11.17528936241648,12.341494695155042,1.9571967758134123,1.6022647180234155,0.32450930997942595,Jan Mayen,Jan Mayen,Atlantic
48.26740369554126,2.614823513860477,12.972373463704704,9.722455103175033,0.14244174783675756,9.82848060073627,11.90406035492902,2.3095911970674257,1.8415683113180794,0.39680201183096736,Jan Mayen,Jan Mayen,Atlantic
47.48581045279025,2.9134881573079654,13.130929264533817,10.784541460767523,0.1517441748597899,9.398022562982986,11.269534052920395,2.458255632728596,1.9726742731772682,0.4349999679313976,Jan Mayen,Jan Mayen,Atlantic
47.33798420685112,2.9529355668448036,14.157910251995634,10.82539099850179,0.15169189555709608,8.292490290454586,11.336440994633648,2.5989878105449127,1.9214306770565504,0.424737307559869,Jan Mayen,Jan Mayen,Atlantic
46.60829973267297,3.0720719641070064,15.289387860968207,11.457411014698074,0.16222162186703667,6.428031766481328,11.842178396293676,2.585407098505897,2.088603381538097,0.46638716286773046,Jan Mayen,Jan Mayen,Atlantic
48.06373690674883,3.2937078590919247,16.082240225566125,10.205797779756262,0.15248647495795947,5.804651813399657,10.480903712110415,2.9989006741732034,2.3889547743413653,0.5286197798542596,Jan Mayen,Jan Mayen,Atlantic
48.728873405591266,3.3268298911461263,16.634149455730633,10.073542942393674,0.1428699953252938,4.806554842729526,9.715159682119975,3.653389880461084,2.2859199252047007,0.6327099792977295,Jan Mayen,Jan Mayen,Atlantic
47.82255608567659,2.5378134199573648,12.283016952593647,9.887321084153895,0.14211755151761243,11.186681555172065,12.252563191554158,1.9591919602070857,1.603898081413055,0.32484011775454275,Jan Mayen,Jan Mayen,Atlantic
47.680569684638854,2.512716174974568,12.166836215666327,9.867751780264495,0.13224821973550355,11.230925737538145,12.42115971515768,2.0345879959308237,1.607324516785351,0.34587995930824006,Jan Mayen,Jan Mayen,Atlantic
47.75176432694976,3.274118862079889,15.917254775649923,10.984263798960317,0.2014842376664547,5.641558654660731,9.832430798122989,3.274118862079889,2.619295089663911,0.5037105941661368,Jan Mayen,Jan Mayen,Atlantic
46.061324282667215,2.6700745616798494,14.6397244028226,9.755540765124792,0.16243799614782356,10.629536372923203,12.030564089698181,2.416265192698875,1.2385897206271546,0.3959426156103199,Jan Mayen,Jan Mayen,Atlantic
47.26506928241829,3.1739898488300633,15.63671676324587,10.10408942530827,0.18252976766434867,6.672477062396746,11.235721254005464,2.7480870576132497,2.433730235524649,0.5475893029930461,Jan Mayen,Jan Mayen,Atlantic
46.56589183439046,3.775612851437065,16.17975960602497,11.852025295115995,0.19129771780614463,5.406677603257877,9.393724774375418,3.4735638233221,1.9834552846216047,1.177991209648364,Jan Mayen,Jan Mayen,Atlantic
46.40745515809086,3.991605613076451,16.520812120788648,11.589967595218289,0.30239436462700386,5.332220629589502,9.827816850377626,3.2053802650462413,1.985722994383992,0.8366244088013773,Jan Mayen,Jan Mayen,Atlantic
46.191662139883775,3.012499704775029,16.468331719436826,10.900300398437228,0.15062498523875145,5.82416609589839,11.849165505448449,3.012499704775029,2.0083331365166863,0.582416609589839,Jan Mayen,Jan Mayen,Atlantic
46.98050752226544,2.4391000243140826,16.233678170123603,13.720631920010149,0.23277718074366763,4.918683036583586,10.292799687665651,2.1051153736818637,2.489703759258358,0.5870033253535966,Jan Mayen,Jan Mayen,Atlantic
47.11548369819463,2.381105090123815,12.675584969127202,10.581904594286547,0.16211779337013207,10.699774362428718,12.341217020301304,2.4013698142950815,1.3172070711323232,0.32423558674026415,Jan Mayen,Jan Mayen,Atlantic
47.82399513278589,2.4767795374032273,13.793447017245613,10.433208273418257,0.17115956152786532,8.135113277324422,12.907444581101371,2.305619975875362,1.490095006242592,0.46313763707540023,Jan Mayen,Jan Mayen,Atlantic
46.89852435534772,2.5140436091456584,13.812095009282169,10.180996196948682,0.17164153154809716,10.873995851605919,10.82351304820942,2.4130780023526603,1.8274774829532696,0.48463491260639197,Jan Mayen,Jan Mayen,Atlantic
48.607630642451845,2.9315690190577177,15.141402871628005,10.461218414484572,0.191408286467686,6.175435768667975,10.315899228574237,2.941643139398122,2.578974807143559,0.6548178221262942,Jan Mayen,Jan Mayen,Atlantic
46.9503142297924,2.805876384391045,16.05528544859136,10.455064122682883,0.18233131739725203,7.191957519558274,11.37544830206189,2.7147107256924192,1.701758962374352,0.5672529874581175,Jan Mayen,Jan Mayen,Atlantic
47.311307438639346,2.9732796182244683,16.152140628732923,10.751387135390539,0.19085240792657063,5.926469509298772,11.039305069015848,3.234446071176618,1.888434352115541,0.5323777694793812,Jan Mayen,Jan Mayen,Atlantic
48.902797934735815,2.427366294164457,15.965773282119356,9.862444097449554,0.17265785355981492,6.784438010468022,9.668839799349636,3.2297174960012445,2.1429886530071145,0.8429765791449786,Jan Mayen,Jan Mayen,Atlantic
47.606238070771255,3.183856686261772,15.403801872580763,10.963195081650964,0.20214963087376328,5.720834553727502,10.542103250066756,3.1636417231743956,2.6077302382715466,0.6064488926212899,Jan Mayen,Jan Mayen,Atlantic
50.97499134877283,2.7340221293153215,16.944928361910343,8.665634361334336,0.20029466148830194,4.556703548858869,8.392346316359852,3.885716432873058,2.63387479857117,1.0114880405159248,Jan Mayen,Jan Mayen,Atlantic
47.76612772626429,3.020505135631418,16.667970200278358,9.956835275678694,0.18062821409091537,4.8970315820203725,9.563260446035686,3.582459579469821,3.582459579469821,0.7827222610606333,Jan Mayen,Jan Mayen,Atlantic
47.14604263705987,3.247613666630089,17.20931728018001,11.19142440598465,0.20234353063115826,4.836010382084681,9.641669234574689,3.5410117860452686,1.9020291879328872,1.0825378888766966,Jan Mayen,Jan Mayen,Atlantic
47.459745707271026,3.44158409674291,16.836670887272895,11.261312677567682,0.2107092304128312,4.715873252096698,9.130733317889351,3.672360872909344,2.107092304128312,1.1639176537089724,Jan Mayen,Jan Mayen,Atlantic
46.75264179359722,3.4149755744888406,16.139825036572258,11.59685253897641,0.21343597340555254,5.213935921764212,9.137092385313892,4.085774348049148,2.144523351836742,1.3009430759957488,Jan Mayen,Jan Mayen,Atlantic
48.24303797468354,3.2506329113924046,16.44556962025316,10.349367088607595,0.23291139240506328,4.536708860759493,9.832911392405062,3.524050632911392,2.9468354430379744,0.6379746835443038,Jan Mayen,Jan Mayen,Atlantic
48.14513670088424,3.2523630450249015,16.52606972253278,10.468543551173902,0.1829454212826507,4.502490090456347,9.787580038621813,3.486126638886066,3.008435816648034,0.6403089744892775,Jan Mayen,Jan Mayen,Atlantic
48.212482326802665,3.272066249242577,16.703696222985254,10.240355483740657,0.2322763078166027,4.524338517471218,9.58392243991113,3.4235507978186224,3.1609775802868105,0.6463340739244596,Jan Mayen,Jan Mayen,Atlantic
48.248908740229425,3.3397624606638923,16.475484722363216,10.293371231347074,0.2334788346360776,4.5274591412039396,9.603085981118669,3.552938787940311,3.075829864988326,0.6496802355090855,Jan Mayen,Jan Mayen,Atlantic
47.34739860712824,3.287587054485867,16.612044244162234,10.600163867267517,0.22531749283080713,4.6292503072511275,9.913969684555513,3.7484637443670636,2.949610815239657,0.6861941827120035,Jan Mayen,Jan Mayen,Atlantic
48.01023017902813,3.324808184143222,16.49104859335038,10.496163682864449,0.22506393861892582,4.501278772378516,9.698209718670075,3.4987212276214827,3.0485933503836313,0.7058823529411763,Jan Mayen,Jan Mayen,Atlantic
47.66489143793527,3.30807046292503,16.30479311757476,11.16345759934453,0.23555919705038914,4.537074969274887,9.453092994674313,3.523146251536255,3.1134780827529696,0.6964358869315854,Jan Mayen,Jan Mayen,Atlantic
48.61239119303635,3.2974910394265233,16.507936507936506,10.138248847926267,0.22529441884280593,4.546850998463902,9.615975422427034,3.4408602150537635,2.9185867895545314,0.6963645673323092,Jan Mayen,Jan Mayen,Atlantic
48.058548485464534,3.2628583045334425,16.53791421020533,10.774547672291119,0.1931286846920106,4.502947753608458,9.707257572677376,3.2730229721488118,3.018906281764587,0.6708680626143526,Jan Mayen,Jan Mayen,Atlantic
48.00365742151783,3.3221578786955197,16.458396830234683,10.616681905922992,0.21334958854007927,4.5311388804226365,9.509295946357819,3.616783500965153,3.0376917606420815,0.6908462867012091,Jan Mayen,Jan Mayen,Atlantic
48.62525458248473,3.258655804480652,16.415478615071287,10.122199592668025,0.22403258655804484,4.5213849287169054,9.674134419551935,3.5234215885947053,2.963340122199593,0.6720977596741345,Jan Mayen,Jan Mayen,Atlantic
48.06193601312552,3.301886792452831,16.078753076292045,10.879819524200165,0.19483182936833474,4.573420836751437,9.587776866283841,3.5890073831009035,3.0865463494667766,0.6460213289581626,Jan Mayen,Jan Mayen,Atlantic
48.053527980535286,3.2948094079480947,16.281427412814274,10.665044606650447,0.1926196269261963,4.531630170316302,9.904703974047042,3.4468775344687757,2.990673154906732,0.6386861313868614,Jan Mayen,Jan Mayen,Atlantic
48.593194514982216,3.3113255459624167,15.713560182833925,10.716099542915185,0.23362112747587604,4.550533265617064,9.791772473336719,3.3925850685627217,3.0370746571863885,0.6602336211274757,Jan Mayen,Jan Mayen,Atlantic
46.64919883099869,2.6806409352010485,14.541973193590648,10.692330948301926,0.17131915751284899,6.923309483019249,13.181497530988615,2.589942557694246,2.126373072659478,0.44341429003325616,Jan Mayen,Jan Mayen,Atlantic
47.13317827889575,2.720194155121853,14.703205581959756,10.213368389119225,0.20224491859642033,6.7650925270502595,13.26726665992517,2.497724744665791,2.032561431894024,0.4651633127717667,Jan Mayen,Jan Mayen,Atlantic
47.1170352418459,2.736544481470261,14.652125618499442,10.623043522164998,0.17166515197414922,6.634353226295062,12.794102797132181,2.756740381702514,2.029687973341411,0.4847016055740684,Jan Mayen,Jan Mayen,Atlantic
47.2955211808715,2.7398645233040138,14.791224345364473,10.464058234758872,0.18198362147406735,6.339096148013345,12.577090284096654,2.770195126883025,2.3657870791628755,0.47517945607117584,Jan Mayen,Jan Mayen,Atlantic
47.04341694368893,2.7097814042510326,14.49581948222021,10.345522312884054,0.2115442731943185,6.7895638158557485,13.297068600785735,2.6493401833383703,1.974413216480306,0.4835297673012995,Jan Mayen,Jan Mayen,Atlantic
47.24433249370277,2.7909319899244336,15.576826196473553,10.680100755667505,0.181360201511335,6.105793450881611,11.909319899244334,2.7405541561712847,2.2670025188916876,0.5037783375314862,Jan Mayen,Jan Mayen,Atlantic
46.573832899218594,2.704868763774795,14.616309356842313,10.569024243638548,0.19034261671007813,6.992586655980765,13.173712682829091,2.684832698857944,2.023642556601883,0.4708475255459827,Jan Mayen,Jan Mayen,Atlantic
47.275300778485494,2.679203316145992,14.194722474977253,10.362956222828835,0.18198362147406735,7.07714083510262,13.244363562834902,2.4871094934789206,2.0523708421797595,0.44484885249216466,Jan Mayen,Jan Mayen,Atlantic
47.24561225525008,2.891346251394948,16.07994318758243,11.068276351831187,0.21304656589225934,5.508775489499848,11.484224409049409,2.5768489398397083,2.404382672212641,0.5275438774474993,Jan Mayen,Jan Mayen,Atlantic
46.33921246923708,4.009433962264152,15.248154224774407,12.5512715340443,0.2153404429860542,4.522149302707138,10.028712059064809,3.3223954060705503,3.004511894995899,0.7588187038556196,Jan Mayen,Jan Mayen,Atlantic
47.46314184036604,2.5419420437214035,13.218098627351296,9.791560752414846,0.1525165226232842,7.890188103711236,14.367056431113372,2.369089984748348,1.809862735129639,0.3965429588205389,Jan Mayen,Jan Mayen,Atlantic
46.95987028779896,3.475881637616539,16.00121605188488,12.028779894608837,0.2229428455614106,4.671665991082287,9.67774625050669,3.648155654641265,2.665180381029591,0.6485610052695583,Jan Mayen,Jan Mayen,Atlantic
47.92537465592822,3.5273728208787847,15.638699153838312,11.499643184830257,0.1835049444387807,4.557039453563054,9.66459374044245,3.4152309103884186,2.9360791110204914,0.6524620246712203,Jan Mayen,Jan Mayen,Atlantic
47.42799393633149,3.1834259727134917,15.725113693784742,10.742799393633149,0.19201616978271857,5.517938352703386,11.702880242546742,3.092470944921678,1.899949469429005,0.515411824153613,Jan Mayen,Jan Mayen,Atlantic
46.93461185351423,3.2235030092828727,16.443945730898704,10.455982862389064,0.16321534224217077,5.845149444047741,11.31286340916046,3.019483831480159,2.060593695807406,0.5406508211771907,Jan Mayen,Jan Mayen,Atlantic
47.37803022618927,3.377624505527944,15.265239882341008,11.319606450958515,0.18257429759610508,5.375798762551982,11.40075058322345,3.063190993001318,2.0691753727558577,0.5680089258545492,Jan Mayen,Jan Mayen,Atlantic
46.895775800347764,3.3650404009409844,15.10688350209676,11.209982612253249,0.21478981282602028,5.390201493300604,11.741843101155776,3.2934437966656445,2.2092666462104944,0.5727728342027208,Jan Mayen,Jan Mayen,Atlantic
46.76090714939488,3.1831587511441057,16.058171463439432,10.688497915183563,0.17288721651581407,5.796806671412589,11.593613342825178,3.284857113800467,1.932268890470863,0.5288314858130783,Jan Mayen,Jan Mayen,Atlantic
46.93089430894309,3.1199186991869916,16.32113821138211,10.802845528455284,0.16260162601626016,5.924796747967479,11.341463414634145,2.947154471544715,1.9308943089430892,0.5182926829268292,Jan Mayen,Jan Mayen,Atlantic
47.31543624161073,3.2743542810656905,15.61928004881025,10.748423835672158,0.21354484441732763,5.531828350620297,11.236526337197478,3.2031726662599147,2.226967663209274,0.6304657311368721,Jan Mayen,Jan Mayen,Atlantic
46.31460903252116,3.935161586298298,14.792537465592826,12.294831277398309,0.1835049444387807,4.873075746763178,11.081659700275258,3.476399225201346,2.3957589968396373,0.6524620246712204,Jan Mayen,Jan Mayen,Atlantic
46.96155016739373,3.8855635588921587,14.537891853505124,12.387136045449935,0.2029014913259613,4.7276047478948975,10.926245307903013,3.388454905143553,2.3435122248148526,0.639139697676778,Jan Mayen,Jan Mayen,Atlantic
45.604479873399725,1.5515132529361189,19.218744810563535,11.033227147766302,0.21020502136553867,6.986814519673619,11.100827080684875,2.562499308075138,1.221191076504558,0.5104979090305939,Jan Mayen,Jan Mayen,Atlantic
46.0592979234324,1.4134813040948129,20.09162710820484,11.556455543781706,0.23221478567271928,5.048147514624332,11.196791187436768,2.584651527487658,1.231747993568337,0.5855851116964225,Jan Mayen,Jan Mayen,Atlantic
47.081113423474065,1.909512969321158,19.721530773094713,10.899498008236527,0.23237459415019387,4.788937288138778,10.63871511478931,2.9299405349372267,1.2325956733184196,0.5657816205396026,Jan Mayen,Jan Mayen,Atlantic
45.08387454808304,3.0230581949988626,16.465590302093805,11.152319648983443,0.19146035234992798,7.587876069447145,10.68147228899598,3.8896682108985363,1.2898381631995148,0.6348422209497612,Sabrina,Balleny,Atlantic
44.94488170140198,2.5543775797819803,15.40735683043099,10.25214646273949,0.18245554141299855,10.886513970975582,10.410102279508306,3.456518867879584,1.2974616278257678,0.6081851380433285,Sabrina,Balleny,Atlantic
45.5289194454268,2.732342353915367,15.695788855269384,10.480368656535804,0.19227594342367396,9.401281654768058,9.745354395631477,4.371747766264587,1.1435358740460608,0.7083850547187988,Sabrina,Balleny,Atlantic
46.49726707017554,2.7030949186132416,16.087449235776567,11.544244640902516,0.24206820166685744,7.2217013497279146,9.460832215146347,4.1958488288921965,1.4927539102789544,0.5547396288198818,Sabrina,Balleny,Atlantic
46.518141792943304,2.702549750814829,15.872437715606495,11.5620846468431,0.252103521531234,7.855545730913252,9.337914437516908,3.9933197810547467,1.371443157129913,0.534459465646216,Sabrina,Balleny,Atlantic
45.84984285248391,2.6591297260667295,15.501517607639,11.84582059645448,0.24173906600606626,9.085359897394657,9.095432358478243,3.918187361514991,1.3194924019497785,0.4834781320121325,Sabrina,Balleny,Atlantic
45.911315787944254,2.8053563523513905,16.02773485895382,11.686577624723075,0.24132097654635615,8.033977510855774,9.331077759792437,4.07229147921976,1.347375452383822,0.5429721972293013,Sabrina,Balleny,Atlantic
46.43218128933593,2.69684411665275,16.059858222763566,11.640478155512152,0.2424129543058652,7.989526952330807,9.40360251911502,3.646294854350722,1.3332712486822587,0.5555296869509411,Sabrina,Balleny,Atlantic
46.37327400709996,2.677695536309621,15.845539128723601,11.65610494624922,0.23066291136749545,7.962884853295278,9.286689388100033,4.12184593791481,1.3137757125713871,0.5315275783685766,Sabrina,Balleny,Atlantic
45.13681265053268,3.0522430408555463,16.26178494283634,11.090787978787276,0.2324555958267469,7.852956432929667,10.814238588461704,3.99217218919848,1.0005697385586063,0.5659788420129491,Sabrina,Balleny,Atlantic
44.87736974871282,2.679097306347925,18.683964857653187,10.105827929009777,0.2888246166694789,7.300291173059588,9.680604393197708,4.173017737396954,1.5636367178313169,0.6473655201212458,Borradaile Island,Balleny,Atlantic
47.99432739059969,3.6568071312803903,14.130875202593195,12.955834683954622,0.1418152350081038,6.462722852512158,9.58265802269044,2.52228525121556,1.7929497568881692,0.7597244732576988,Pagalu,Cameroon,Atlantic
43.38464634269042,3.280008049099507,12.435858738303654,14.397826743133116,0.18110473890733475,10.685179595532752,10.051313009357079,3.018412315122246,1.7406177683871618,0.8250326994667472,Pagalu,Cameroon,Atlantic
46.43109540636042,3.472993437657748,12.670368500757192,13.215547703180212,0.17163048965169106,8.561332660272589,10.681474003028772,2.5946491670873293,1.5547703180212014,0.6461383139828368,Pagalu,Cameroon,Atlantic
45.03237555645487,4.016592472683124,12.626467017401863,13.881019830028329,0.18211250505868068,8.255766895993524,11.068393363010925,2.8227438284095507,1.2039660056657222,0.9105625252934034,Pagalu,Cameroon,Atlantic
46.31366616238023,3.8426626323751893,13.313161875945537,12.929904185577406,0.1714573877962683,8.149268784669692,10.045385779122542,2.59203227433182,1.7851739788199694,0.8572869389813412,Pagalu,Cameroon,Atlantic
43.672032193158955,3.0885311871227366,11.428571428571429,14.235412474849095,0.18108651911468815,12.927565392354126,10.140845070422536,2.1126760563380285,1.3078470824949702,0.9054325955734407,Pagalu,Cameroon,Atlantic
43.89725958135301,2.7707553847709576,12.427950247750022,13.934674891293353,0.20224491859642024,10.941450096066335,10.648194964101524,3.0336737789463037,1.1831327737890582,0.9606633633329962,Pagalu,Cameroon,Atlantic
43.753765816429,2.952400080337417,12.462341835709982,14.139385418758788,0.2309700743121109,10.674834304077125,10.704960835509139,2.7615987146013254,1.3054830287206267,1.014259891544487,Pagalu,Cameroon,Atlantic
43.03216185471877,3.3517001065820256,10.829353231904843,12.88635984382096,0.09168784486090648,14.37461656652656,10.696915233772422,2.7913854990987086,1.6096310542248027,0.3361887644899904,Pagalu,Cameroon,Atlantic
44.13122921827707,3.3014357577284157,9.058569100680746,13.693947938396022,0.09170654882578934,14.306221616823134,10.780614295298346,2.8123341639908728,1.6507178788642078,0.17322348111537986,Pagalu,Cameroon,Atlantic
43.90957793394228,3.719256080495921,9.948501920233623,14.873748124824251,0.13210472417062014,11.401653886110445,10.883396891287243,3.109541968939212,1.8494661383886817,0.172752331607734,Pagalu,Cameroon,Atlantic
45.002562788313675,3.8646847770374166,12.12711430035879,12.475653511019988,0.1742696053305997,10.579190158892875,10.814966683751921,2.6037929267042537,1.629933367503844,0.7278318810866221,Pagalu,Cameroon,Atlantic
46.33401216777688,4.0891994812968315,15.813621051731857,12.282059247068716,0.17422654431590512,5.708481481409362,10.064145089306988,3.3103043420021967,1.424558215288871,0.7993923798023881,Principe,Cameroon,Atlantic
49.11973643570473,3.0268712035416456,14.485740759806445,11.02645938433028,0.1647276845464841,8.390816431586535,8.236384227324205,3.140121486667353,1.719345207453928,0.6897971790384022,Principe,Cameroon,Atlantic
48.33760294975914,3.1082966243160053,12.248535212651191,12.506066307619768,0.15387607051069335,10.514864818230713,8.329824616978867,2.872353316199609,1.3643678251948144,0.564212258539209,Principe,Cameroon,Atlantic
44.004157606010324,3.0657796752910116,10.372554568067923,11.511379305517105,0.14306971818024722,12.947809495312374,14.123025037507261,2.1562650382880113,1.042365089598944,0.633594466226809,Principe,Cameroon,Atlantic
42.49586628819821,0.2630070277298628,13.48416799861181,10.668651466060856,0.14161916877761843,13.190814006143887,13.393127104397628,4.582391675447225,1.001449836356016,0.7789054282769013,Principe,Cameroon,Atlantic
45.1608976763138,3.5578224128743834,15.087613670642083,13.297193061614246,0.11213766917369115,5.688438127174515,11.162795249562892,3.955401421762924,1.3558463636455387,0.6218543472359237,Principe,Cameroon,Atlantic
42.96308335452222,2.762205884886825,12.927945015139453,12.36927501254955,0.5031527448306856,11.736807904928034,12.619892314222705,2.1152952129616582,1.0884528765725037,0.9138896793863474,Principe,Cameroon,Atlantic
43.21769723957658,0.8723591226226571,17.70375866498922,13.010400901768914,0.2976284065418477,7.307290533027435,10.509361665477659,3.140492841441566,2.873653580404047,1.0673570441500746,Principe,Cameroon,Atlantic
43.00634855621544,3.7988941224656974,11.939381527749335,13.85418799918083,0.18431292238378047,10.976858488634038,11.71411017816916,2.64181855416752,1.3516280974810568,0.5324595535531436,Bioko-Fernando Poo,Cameroon,Atlantic
44.736304170073595,2.7800490596892886,11.713000817661488,12.326246933769418,0.21463614063777595,13.644726083401471,11.293949304987736,1.9215044971381847,0.8278822567457073,0.5417007358953394,Bioko-Fernando Poo,Cameroon,Atlantic
43.69929136284277,3.348053815343535,14.14193283352162,12.73492862277909,0.19513197083290543,9.05823148813803,11.882510013351135,2.8140084214850574,1.5610557666632434,0.5648557050426211,Bioko-Fernando Poo,Cameroon,Atlantic
45.38250533373972,3.301838870263132,12.943208371431474,11.744386873920554,0.19303058010769078,9.448338921060653,11.622472823326222,2.7633851468048363,1.9912628263740733,0.609570252971655,Bioko-Fernando Poo,Cameroon,Atlantic
47.16653027823239,2.7004909983633385,13.113747954173483,11.425941080196397,0.19435351882160387,7.948036006546642,11.94762684124386,2.414075286415711,1.8003273322422255,1.2888707037643206,Bioko-Fernando Poo,Cameroon,Atlantic
45.2636968766001,3.4511008704557087,12.698412698412698,13.128520225294418,0.18433179723502302,10.46594982078853,10.865335381464412,2.4782386072708653,0.7578084997439836,0.7066052227342549,Bioko-Fernando Poo,Cameroon,Atlantic
44.841675178753825,3.258426966292135,13.44228804902962,12.982635342185905,0.18386108273748722,10.633299284984679,10.30643513789581,2.431052093973442,1.2768130745658834,0.6435137895812053,Bioko-Fernando Poo,Cameroon,Atlantic
42.73939147247379,3.2665106339676395,12.078966113768187,13.127098809402666,0.1933448661850005,11.804212882873713,11.020657372545028,3.5412638648621138,1.1702452426986871,1.0583087412231607,Bioko-Fernando Poo,Cameroon,Atlantic
42.69936163745059,3.1006180970716377,12.07822474414834,12.9597730266491,0.1823892998277434,11.480393150268513,11.277738372682133,3.4755294356064432,1.560441787415138,1.185530448880332,Bioko-Fernando Poo,Cameroon,Atlantic
42.81218274111676,3.1878172588832485,12.030456852791877,13.055837563451774,0.18274111675126903,11.522842639593907,11.218274111675127,3.614213197969543,1.1979695431472082,1.1776649746192893,Bioko-Fernando Poo,Cameroon,Atlantic
44.13729318672285,3.4426061042030622,11.119103894769294,12.13647107183229,0.2055287226389888,12.979138834652144,10.574452779775973,3.165142328640427,1.397595313945124,0.842667762819854,Bioko-Fernando Poo,Cameroon,Atlantic
45.16654782520119,3.2800244473871856,12.081083834165225,12.070897422837936,0.17316899256391977,12.294998472038303,10.206784149943976,2.9438728735866357,0.9371498421106246,0.8454721401650199,Bioko-Fernando Poo,Cameroon,Atlantic
44.75467880627213,3.388973191704603,13.4951947395043,12.04855842185129,0.18209408194233684,10.672736469398078,9.863429438543246,3.19676277187658,1.6388467374810318,0.7587253414264036,Bioko-Fernando Poo,Cameroon,Atlantic
43.19975713418336,3.723942521756729,12.537947783849424,13.266545233758348,0.19226877150374416,10.331916616069622,11.56648451730419,3.167375025298522,1.3256425824731835,0.6881198138028739,Bioko-Fernando Poo,Cameroon,Atlantic
46.63138611846123,2.9106452269489114,13.108080602483211,11.927539181762672,0.17301038062283738,9.59698758396092,10.76735192346835,3.1548951760635053,0.9261143903928355,0.8039894158355385,Bioko-Fernando Poo,Cameroon,Atlantic
45.11066398390342,3.480885311871227,12.806841046277665,12.746478873239436,0.18108651911468812,10.181086519114686,10.211267605633804,3.2092555331991948,1.488933601609658,0.5835010060362172,Bioko-Fernando Poo,Cameroon,Atlantic
45.00151622359244,3.4772061053269985,13.221469726068937,12.311735570605476,0.19205498837561913,10.431618315980996,9.895885979985847,3.1739613868391787,1.4960072778732436,0.7985444253512584,Bioko-Fernando Poo,Cameroon,Atlantic
46.81822795087792,3.6029635643966316,14.665584086065161,11.86440677966102,0.17253628336547253,6.5665279610270995,10.423221353902367,3.3695321221962864,1.8776007307419067,0.6393991677661628,Bioko-Fernando Poo,Cameroon,Atlantic
47.262569832402235,3.209751142712037,13.29608938547486,12.28034535297105,0.17267648552564754,9.009649568308784,10.665312341289996,2.9862874555611985,0.6399187404773997,0.47739969527679016,Bioko-Fernando Poo,Cameroon,Atlantic
42.854228297459976,3.182699173722331,11.965724778129148,12.914413954911765,0.19381821891257783,11.659696011425078,11.353667244721008,3.39691931041518,1.387330409058452,1.0915026012445173,Bioko-Fernando Poo,Cameroon,Atlantic
45.42470250307756,3.4776364382437426,13.28477636438244,12.669265490356999,0.20517029134181375,7.304062371768569,12.812884694296267,2.6364382437423064,1.6105867870332378,0.5744768157570784,Bioko-Fernando Poo,Cameroon,Atlantic
41.4855987872663,3.2642748863062154,12.289034866093989,13.420919656392119,0.19201616978271857,11.237998989388581,11.44012127337039,3.941384537645276,1.505811015664477,1.2228398180899445,Bioko-Fernando Poo,Cameroon,Atlantic
42.72290879379022,3.452149933612502,12.521703605351856,12.787253600245124,0.1838423041568788,11.245020937595752,10.99989786538658,3.6462056991114293,1.4605249719129816,0.9804922888366868,Bioko-Fernando Poo,Cameroon,Atlantic
46.73239150320154,3.0999085272893585,12.338652302063219,12.003252363045025,0.1727817867669479,10.600670799878035,10.61083443439374,2.805163126333977,0.9960361825388758,0.6403089744892774,Bioko-Fernando Poo,Cameroon,Atlantic
45.96052096052096,3.652828652828652,14.479039479039477,12.301587301587299,0.1831501831501831,6.715506715506714,11.457061457061455,3.113553113553113,1.4041514041514038,0.7326007326007324,Bioko-Fernando Poo,Cameroon,Atlantic
46.243009659379766,3.5892221657346215,13.879003558718864,11.652262328418914,0.18301982714794102,7.951194712760549,11.001525165226234,3.0299949161159128,1.6471784443314694,0.8235892221657347,Bioko-Fernando Poo,Cameroon,Atlantic
46.15149352635335,3.4865939443368332,11.000101947191354,11.86665307370782,0.19369966357426854,10.337445203384647,12.498725660108063,2.4365378733815883,1.2641451728004893,0.7646039351615863,Bioko-Fernando Poo,Cameroon,Atlantic
49.005278116118554,2.8217620787657327,13.844904587900936,10.820138043036948,0.17255379618351607,7.409663012586278,10.556232237109217,3.2988225740966306,1.4007308160779537,0.6699147381242389,Bioko-Fernando Poo,Cameroon,Atlantic
47.65128205128206,3.0153846153846158,15.056410256410258,11.507692307692311,0.21538461538461542,6.174358974358975,11.046153846153848,2.8000000000000003,2.071794871794872,0.46153846153846156,Bioko-Fernando Poo,Cameroon,Atlantic
48.14437194127243,3.2524469820554653,15.201876019575858,11.857667210440457,0.1835236541598695,5.485318107667211,9.869494290375204,3.3747960848287115,1.9168026101141926,0.7137030995106036,Bioko-Fernando Poo,Cameroon,Atlantic
47.32206861239119,3.655913978494623,16.866359447004605,10.158730158730158,0.18433179723502302,5.0691244239631335,9.96415770609319,3.655913978494623,2.273425499231951,0.849974398361495,Bioko-Fernando Poo,Cameroon,Atlantic
47.99303706737661,3.1026008601269712,15.574441941429452,10.239606799098915,0.18431292238378047,5.662502559901701,8.949416342412452,4.9662092975629735,2.6008601269711247,0.7270120827360229,Bioko-Fernando Poo,Cameroon,Atlantic
46.46171928907256,3.441232868471837,14.069465356052996,14.233107652747648,0.36544065859877917,5.623725690658991,7.826520771657187,3.8878825623147892,2.8118628453294954,1.279042305095727,Bioko-Fernando Poo,Cameroon,Atlantic
46.29026944502282,3.798435676560953,13.097006212782167,15.03659078668459,0.13167910345411304,5.601426477701885,10.443165820091581,3.484431660631914,1.924540742790883,0.19245407427908828,Bioko-Fernando Poo,Cameroon,Atlantic
46.199517627988875,3.4657238492590907,11.35987261701591,14.481743965212074,0.24320869117607655,8.421100931971651,8.562972668491026,3.7089325404351667,2.1179423523249996,1.4389847561251194,Bioko-Fernando Poo,Cameroon,Atlantic
46.50198858611595,2.2840270137084095,12.301689354534766,11.313635296664255,0.10017662340826357,11.049481561931472,11.650541302381054,2.5945745462740266,1.913373507097834,0.29051220788396437,Bioko-Fernando Poo,Cameroon,Atlantic
47.71753502630886,2.7336077352898087,12.371585007874097,12.926553608268746,0.1809005118941785,8.381723717763604,9.45707676069011,2.934608304061118,1.8693052895731779,1.4271040382762972,Bioko-Fernando Poo,Cameroon,Atlantic
48.235125312816734,2.8058934582471338,12.242981168538753,12.391527994298098,0.2725148322758008,7.398273039191185,11.526368091072758,2.6948688969495853,1.746113554952353,0.6863336516575723,Bioko-Fernando Poo,Cameroon,Atlantic
47.164537006938886,2.5357277960719835,12.881497204045674,13.06510823946813,0.26371569079148627,8.418616282958986,10.06176789481363,2.4140128618605283,2.4444415954133922,0.7505754276373071,Bioko-Fernando Poo,Cameroon,Atlantic
47.58962758984697,3.083099670670009,11.213121574516007,13.886889396434707,0.3256078860113541,10.897688934942508,7.407579406758306,2.9304709741021866,1.546637458553932,1.1192771081640298,Bioko-Fernando Poo,Cameroon,Atlantic
48.96332513091122,2.47584336735954,11.201681576712065,13.395804162077884,0.2113524825794729,9.591376947535126,9.259251617767383,2.948870352180265,1.0366336050326528,0.9158607578443827,Bioko-Fernando Poo,Cameroon,Atlantic
47.94747921768893,2.296643962527957,12.248767800149105,12.576434426402896,0.16116799737038298,11.422781813625893,9.116064851262287,2.8506589534886486,0.8259859865232126,0.5540149909606915,Bioko-Fernando Poo,Cameroon,Atlantic
46.867613841362285,3.3001031394967546,11.478619615640884,11.624877727079179,0.5534334457541141,11.63235112835036,10.69971328457954,2.2444800855583513,1.3835836143852853,0.21522411779326656,Bioko-Fernando Poo,Cameroon,Atlantic
49.22874722375099,2.9557846136436265,14.10949449718386,11.841406645332976,0.10298901092834936,7.682980215254862,9.547081313057983,2.327551646980695,1.6684219770392597,0.5355428568274166,Bioko-Fernando Poo,Cameroon,Atlantic
45.044131074363406,3.5609211727706205,10.95668053160191,12.16394440499138,0.1927564167596632,10.95668053160191,12.762503804402966,2.5159784924419197,1.2072638733894696,0.6391396976767781,Bioko-Fernando Poo,Cameroon,Atlantic
46.79648576058742,4.519414779336802,13.958828829815257,9.272748304813739,0.12325676670918548,6.234738116039632,9.305885886543503,6.039581568750088,2.3316071702487586,1.4174528171556329,Sao Tome,Cameroon,Atlantic
45.66638569421857,2.2402377887729865,16.746030891642416,10.674319481142279,0.2534205643408356,7.399880478752399,10.096275283338892,4.399380996956906,1.8449017084012833,0.6791671124334394,Sao Tome,Cameroon,Atlantic
41.84792298504098,4.167342833437978,14.452262831233186,12.73214588697119,0.2463453891687475,9.617734568796516,10.757081993701973,3.2948695801319974,1.9502343309192511,0.9340596005981676,Sao Tome,Cameroon,Atlantic
44.00685447410827,2.996516003001098,13.295122197615791,11.96583701763328,0.18408630735160328,10.24747110923925,10.308833211689784,3.8862664885338467,1.7692739539904092,1.3397392368366683,Sao Tome,Cameroon,Atlantic
45.43011445882912,1.960285187947698,18.24884046099764,11.574970723039673,0.2627186334362894,5.63834605605575,9.08400197920093,4.607680647959537,2.566558957416058,0.6264828951173055,Sao Tome,Cameroon,Atlantic
42.5881798988448,5.208626318563753,10.590873514412962,12.331669963624996,0.18383387006695598,11.11173614626934,11.85728461931866,3.962641199221051,1.215346140998209,0.9498083286792726,Sao Tome,Cameroon,Atlantic
42.61265931169632,5.8570571033679535,11.220888345399658,12.51406284548288,0.17468415922325475,9.761761838946589,11.888798365959161,3.9560824294678283,1.1303092655622369,0.8836963348941123,Sao Tome,Cameroon,Atlantic
44.97500255076013,2.846648301193756,11.253953678196103,12.712988470564229,0.17345168860320379,13.457810427507397,10.335680032649732,2.2038567493112953,1.2039587797163556,0.8366493214978064,Sao Tome,Cameroon,Atlantic
44.920166785314755,3.101800061019017,13.108918946404962,12.102105156106987,0.18305705278145018,10.41391233601139,10.14949659310485,4.017085324926269,1.2508898606732428,0.7525678836570731,Sao Tome,Cameroon,Atlantic
43.29781836631151,3.206494165398275,12.369355657026889,12.978183663115168,0.19279553526128868,10.847285641806188,11.232876712328768,3.673262303399289,1.2582445459157785,0.9436834094368342,Sao Tome,Cameroon,Atlantic
43.02655584836814,3.314413136022705,12.33529292519765,13.08534360429759,0.19258057976890333,10.754105007095076,11.39266166632881,3.7907966754510447,1.1453476586255829,0.9629028988445167,Sao Tome,Cameroon,Atlantic
45.08405501782985,3.8818135506877223,15.588385124808966,11.869587366276107,0.21395822720326033,5.603667855323484,9.67906265919511,4.849719816607234,2.190524707080998,1.0392256749872644,Sao Tome,Cameroon,Atlantic
44.955352560812884,3.253617982141024,14.430873447603407,11.505696397413526,0.22580314071641178,8.518936672482809,10.900133429128605,3.7052242635738475,1.4471928564097298,1.057169249717746,Sao Tome,Cameroon,Atlantic
44.08811475409836,3.4118852459016398,11.383196721311476,11.639344262295081,0.21516393442622953,12.57172131147541,12.42827868852459,2.110655737704918,1.557377049180328,0.5942622950819672,Rarotonga,Austral-Cook,Pacific
47.16806895136467,2.9858403447568236,12.169095013338806,11.717627744715783,0.1846911553457829,11.635542786784322,9.99384362815514,3.047404063205418,0.5745947055202135,0.5232916068130515,Rarotonga,Austral-Cook,Pacific
43.92121575684863,3.069386122775445,10.797840431913619,12.577484503099381,0.2299540091981604,12.92741451709658,13.117376524695059,1.3597280543891224,1.4997000599880024,0.49990001999600087,Rarotonga,Austral-Cook,Pacific
43.744374437443746,4.29042904290429,14.61146114611461,12.56125612561256,0.22002200220022,6.04060406040604,10.95109510951095,3.42034203420342,2.69026902690269,1.4701470147014701,Rarotonga,Austral-Cook,Pacific
45.4045404540454,2.6102610261026102,9.300930093009303,12.301230123012303,0.21002100210021002,15.951595159515952,11.201120112011202,1.6001600160016,1.0401040104010402,0.38003800380038005,Rarotonga,Austral-Cook,Pacific
45.13194722111155,3.5285885645741697,13.504598160735704,13.134746101559374,0.16993202718912434,8.756497401039583,11.145541783286685,2.4290283886445425,1.599360255897641,0.5997600959616153,Rarotonga,Austral-Cook,Pacific
44.1512054767338,2.9070344280186524,10.635975791249132,13.652148030558585,0.17858914574858614,13.582696696100802,10.98323246353805,2.043853556900486,1.4088699275721797,0.4563944835797202,Rarotonga,Austral-Cook,Pacific
44.47665700289913,3.3789863041087673,12.806158152554234,13.056083175047487,0.1699490152954114,9.467159852044388,11.606518044586624,2.5192442267319803,1.9194241727481756,0.5998200539838048,Rarotonga,Austral-Cook,Pacific
43.011713321421475,3.156640857653365,9.688306531665674,14.175104228707564,0.17867778439547347,14.294222751637879,12.0011911852293,1.7967043875322612,1.1911852293031564,0.5062537224538416,Rarotonga,Austral-Cook,Pacific
45.406560339837895,3.4404970830185544,11.701690660266594,13.417490559035972,0.17002456514917277,11.601676210178846,11.40164731000335,1.6102326464127539,0.9101314957985129,0.34004913029834555,Rarotonga,Austral-Cook,Pacific
44.10922479034568,3.7942319492738803,12.067907547555738,12.589486602577216,0.17385968500715893,10.042953569237064,11.924728983432194,2.587441194518306,2.0556350992022905,0.6545305788504807,Rarotonga,Austral-Cook,Pacific
45.021468002453474,3.6597832754038024,14.628910243304025,11.827847066039663,0.1737885912901247,7.575138008587199,11.142915559190348,2.964628910243303,2.3001431200163562,0.7053772234716825,Rarotonga,Austral-Cook,Pacific
45.50411522633745,3.4259259259259265,12.901234567901234,11.872427983539096,0.17489711934156382,10.041152263374487,11.89300411522634,2.2839506172839514,1.358024691358025,0.5452674897119343,Rarotonga,Austral-Cook,Pacific
46.19169656586367,3.013839056893901,11.604305484366993,11.532547411583806,0.16401845207585855,12.680676576114813,10.220399794976938,2.5525371604305493,1.5274218349564328,0.5125576627370579,Rarotonga,Austral-Cook,Pacific
45.10419621622228,2.608065767604689,9.204938003310668,12.031475815027711,0.17387105117364599,15.75067169455381,12.375527760006566,1.4932454983148418,0.9102660914384995,0.34774210234729197,Rarotonga,Austral-Cook,Pacific
45.77053286115932,3.3250342257882557,13.033313168984828,12.184204104721912,0.18472412365490307,8.620459103895477,11.904443524427087,2.534825474597837,1.8677661391773535,0.5746972735930319,Rarotonga,Austral-Cook,Pacific
42.714857788273946,4.261217784166752,14.888592257932023,15.802443782729231,0.22589588253414103,6.212136769688879,8.111715781907792,4.8259574905021045,1.7250231029879861,1.232159359277133,Rurutu,Austral-Cook,Pacific
45.81189545173904,3.251697880222268,13.171434451533237,12.656925293270222,0.18522329697468612,7.964601769911504,13.819715990944637,2.2844206626877956,0.452768059271455,0.40131714344515335,Rurutu,Austral-Cook,Pacific
46.16171954964175,2.7635619242579317,14.17604912998976,12.343909928352096,0.1740020470829068,8.259979529170929,12.947799385875125,2.313203684749231,0.5220061412487204,0.33776867963152496,Rurutu,Austral-Cook,Pacific
46.350740131578945,2.8577302631578942,14.165296052631577,11.790707236842104,0.18503289473684206,7.534950657894736,13.312088815789473,2.8577302631578942,0.5653782894736842,0.38034539473684204,Rurutu,Austral-Cook,Pacific
45.94316309719934,2.9036243822075782,14.157742998352555,11.923393739703462,0.185337726523888,7.619439868204285,13.43698517298188,2.883031301482702,0.5663097199341023,0.3809719934102142,Rurutu,Austral-Cook,Pacific
44.76768092105263,3.4025493421052633,14.761513157894738,13.599917763157896,0.20559210526315788,7.2265625,9.015213815789473,4.451069078947369,1.3363486842105263,1.2335526315789473,Rurutu,Austral-Cook,Pacific
43.833017077798864,3.0060920802956157,13.232797363427546,14.201538000599223,0.17976630380505343,10.476380705083391,11.385199240986719,2.5666633376610406,0.6990911814640967,0.41945470887845804,Rurutu,Austral-Cook,Pacific
44.67837149616034,3.358581029711363,14.584663798746591,13.909400027398625,0.22595957998058103,6.881496299408604,8.935674299232065,4.71433850959485,1.4584663798746593,1.2530485798923128,Rurutu,Austral-Cook,Pacific
46.141198232452986,3.4939882848628097,14.592539307368204,13.585448566437162,0.23635803103483713,6.987976569725619,10.677217141095468,3.082930839584832,0.6268626040489158,0.5754804233891687,Rurutu,Austral-Cook,Pacific
44.8973519785778,2.9257165526133093,11.712783893682435,14.112863235148268,0.1884359813547555,10.492908856491121,12.942576614102943,1.914112863235148,0.45621342854309227,0.3570365962511157,Rurutu,Austral-Cook,Pacific
42.36788934800853,4.57450399482121,14.941332958476439,14.936740033660161,0.20467579395173205,7.470666479238219,8.698721242948611,4.328893042079133,1.59647119282351,0.8801059139924479,Rurutu,Austral-Cook,Pacific
44.31681981622052,3.5457451058729514,12.64482620854974,12.994406711945663,0.1997602876548142,11.156612065521372,9.748302037554932,3.6556132640830996,1.0886935677187375,0.6492209348781461,Rurutu,Austral-Cook,Pacific
44.604464561259135,3.4564345231972027,15.163049069025824,14.257792408188461,0.23660117271885614,6.347083633371053,8.90854850324041,4.217673078901348,1.4504680588416832,1.357884991256044,Rurutu,Austral-Cook,Pacific
42.1897509775674,4.218975097756739,14.838444124305411,15.651368594360978,0.23667421280098785,6.534266309940316,8.798106606297592,4.610002058036633,1.6670096727721753,1.2554023461617614,Rurutu,Austral-Cook,Pacific
43.131414642622346,4.210447619875038,14.993301280530623,14.692223467556245,0.1951183043356725,7.116683416032686,8.564666621892151,4.652031150739981,1.591754588001539,0.8523589084137272,Rurutu,Austral-Cook,Pacific
47.25453617277569,3.5026253103866867,15.28792929592307,13.691191616412748,0.20603678296392275,5.666011531507876,7.561549934775965,4.501903707761713,1.3907482850064787,0.9374673624858486,Rurutu,Austral-Cook,Pacific
47.46402694152464,3.204408613123788,14.991325645474026,12.154301459332583,0.16328196754770893,5.510766404735177,12.307378303908562,3.092152260434738,0.6531278701908357,0.4592305337279313,Rurutu,Austral-Cook,Pacific
41.223241590214066,2.6095820591233436,11.386340468909276,13.333333333333334,0.22426095820591235,12.88481141692151,12.966360856269116,3.7003058103975537,0.9072375127421,0.7645259938837922,Raivavae,Austral-Cook,Pacific
47.470299057763214,2.9393691110200737,14.717328963539533,11.747234739860714,0.1638672675133142,7.302335108562065,11.071282261368292,3.1237197869725524,1.0241704219582137,0.44039328144203194,Raivavae,Austral-Cook,Pacific
44.58414923219622,1.9993816345460163,11.388230444192518,12.264248170668864,0.2061218179944347,14.97475007729568,11.35731217149335,2.2467278161393383,0.6698959084819127,0.309182726991652,Raivavae,Austral-Cook,Pacific
43.53692450303843,2.6573282521371926,11.80348130600474,12.730456277680505,0.1956947162426615,12.462663508085283,13.472036255021116,2.317437429189412,0.5046863734679164,0.31929137913276345,Raivavae,Austral-Cook,Pacific
44.83,2.54,14.730000000000002,11.94,0.2,8.13,13.29,2.89,1.02,0.43,Raivavae,Austral-Cook,Pacific
44.62,2.32,13.140000000000002,11.51,0.19,10.69,13.71,2.55,0.9000000000000001,0.37,Raivavae,Austral-Cook,Pacific
42.585741425857414,3.51964803519648,15.608439156084389,12.738726127387261,0.20997900209978998,6.88931106889311,12.33876612338766,3.9596040395960403,1.4798520147985201,0.6699330066993301,Raivavae,Austral-Cook,Pacific
44.63446344634463,2.41024102410241,13.8013801380138,11.74117411741174,0.2000200020002,9.82098209820982,13.541354135413538,2.53025302530253,0.9300930093009301,0.39003900390039,Raivavae,Austral-Cook,Pacific
48.14518548145185,2.4997500249974998,16.10838916108389,11.038896110388958,0.14998500149985,6.97930206979302,10.66893310668933,3.169683031696829,0.8699130086991299,0.3699630036996299,Raivavae,Austral-Cook,Pacific
48.07480748074808,2.2202220222022206,12.311231123112313,12.081208120812082,0.17001700170017003,12.52125212521252,8.430843084308432,2.9002900290029,0.8800880088008802,0.41004100410041006,Raivavae,Austral-Cook,Pacific
48.21964392878575,2.620524104820964,16.0632126425285,10.872174434886976,0.1500300060012002,6.571314262852569,11.362272454490896,2.9905981196239244,0.7901580316063213,0.3600720144028805,Raivavae,Austral-Cook,Pacific
43.59210391735706,2.618390099212437,12.560090007159658,12.918073028536362,0.20456172650097165,11.60887797893014,12.856704510586066,2.4751968906617567,0.8182469060038866,0.3477549350516518,Raivavae,Austral-Cook,Pacific
45.57090613571717,2.163754571312474,10.432750914262492,12.281592848435592,0.1625355546525802,15.979276716781794,10.13815522145469,2.234863876472978,0.6603006907761071,0.37586347013409177,Raivavae,Austral-Cook,Pacific
48.04928131416838,2.8747433264887063,14.373716632443534,11.386036960985626,0.1540041067761807,7.874743326488708,10.882956878850102,3.0184804928131417,0.8932238193018481,0.49281314168377827,Raivavae,Austral-Cook,Pacific
46.61407642659564,2.3460710992726153,13.482225181846122,11.617662124782296,0.18440733531400472,10.787829115869275,11.474234197315848,2.509988730662842,0.676160229484684,0.3073455588566745,Raivavae,Austral-Cook,Pacific
47.26694697979694,2.95354322633576,12.675623013024303,10.634806686493691,0.15383037637165417,12.501281919803095,9.8759101630602,2.3689877961234744,1.1075787098759102,0.46149112911496254,Rapa,Austral-Cook,Pacific
46.175171988910556,3.727282061813327,15.330116028339663,12.13676968887976,0.14375192524899888,6.828216449327446,7.906355888694937,4.466577677379607,2.3205667933052667,0.9651914981004208,Rapa,Austral-Cook,Pacific
44.63753213367609,3.0848329048843186,11.434447300771208,12.586118251928022,0.16452442159383035,14.601542416452443,10.210796915167094,1.8097686375321338,1.0077120822622108,0.46272493573264784,Rapa,Austral-Cook,Pacific
45.14742014742015,2.9484029484029484,11.26126126126126,11.732186732186731,0.15356265356265356,14.997952497952497,10.483210483210483,1.893939393939394,0.8906633906633906,0.4914004914004914,Rapa,Austral-Cook,Pacific
45.471368356122134,4.297316747198519,14.834995373702068,12.789143620849183,0.1542099311195641,7.422638017888351,8.347897604605736,3.6599156985709884,2.0252904287036086,0.9972242212398478,Rapa,Austral-Cook,Pacific
45.27818076153608,3.699932603990082,13.184842704826535,11.66155387766224,0.15331212447472714,10.527432547264597,10.83405679621405,2.6880725824568823,1.2367178040961322,0.7358981974786902,Rapa,Austral-Cook,Pacific
45.328684237514096,4.13290944518511,14.357501794687725,11.885960414316479,0.15383037637165417,8.306840324069325,11.137319249307762,2.666393190442006,1.4049841041944418,0.6255768639113937,Rapa,Austral-Cook,Pacific
44.53788853360926,3.6237645670527536,11.832907203588459,12.341337567941794,0.16195595830403367,13.260144086142759,10.071636157032094,2.490072858924518,1.0830804711582254,0.5972125962461242,Rapa,Austral-Cook,Pacific
44.86464564534117,2.970698570414681,11.041265335090742,12.430295042076446,0.1622224475311771,15.289465679813445,9.956402717225995,1.9568082733448238,0.9226401703335699,0.4055561188279428,Rapa,Austral-Cook,Pacific
42.814494543957174,3.3045089561457686,15.44163063619518,13.372452130945026,0.22647724933086266,5.517809347333745,11.642989499691165,5.2707432571546216,1.6059295861642988,0.8029647930821494,Tubuai,Austral-Cook,Pacific
43.48228043143297,2.7837699024139697,12.36774524910118,13.384694401643552,0.21571648690292758,11.566512583461733,12.275295326142782,2.722136620441705,0.7806882383153569,0.42116076014381093,Tubuai,Austral-Cook,Pacific
44.24205001543686,2.531645569620253,12.009879592466808,12.24657816198415,0.1955336009056293,13.039003807759594,12.071627045384377,2.511063085314397,0.7718431614695893,0.3807759596583307,Tubuai,Austral-Cook,Pacific
42.32313870868088,2.89362578519205,12.974976830398516,14.550509731232625,0.29863041911234683,7.826176500875295,9.937184635979818,6.333024405313563,1.8741633199464525,0.9885696632684584,Tubuai,Austral-Cook,Pacific
42.53685503685503,2.9995904995904996,13.124488124488124,14.680589680589678,0.28665028665028663,7.8214578214578205,9.97133497133497,5.825143325143325,1.8018018018018018,0.9520884520884522,Tubuai,Austral-Cook,Pacific
45.916314624823976,2.5447596057131356,12.381814524240596,12.411989539328102,0.2112251056125528,10.812713739690203,12.180647756990544,2.4140012070006036,0.7443170388251861,0.38221685777509556,Tubuai,Austral-Cook,Pacific
45.921541085582426,2.4079462225343633,11.618340523728303,12.451088592354772,0.20066218521119697,11.758804053376142,12.360790609009733,2.1671516002809272,0.7524831945419885,0.3611919333801545,Tubuai,Austral-Cook,Pacific
47.92306929711509,2.6767126003767223,15.217606820660254,12.54089422028353,0.19827500743531276,6.3745414890453045,11.093486666005747,2.865073857440269,0.7435312778824228,0.36680876375532856,Tubuai,Austral-Cook,Pacific
42.814490445859875,2.6671974522292996,11.932722929936306,12.609474522292993,0.21894904458598727,12.350716560509554,10.977308917197451,4.478503184713375,1.1544585987261147,0.7961783439490446,Tubuai,Austral-Cook,Pacific
41.46341463414634,3.2178725148596024,12.297601967616313,15.013322402131582,0.23570403771264603,9.03873744619799,12.020905923344946,4.560360729657717,1.1887681902029101,0.9633121541299444,Tubuai,Austral-Cook,Pacific
42.61568587034938,2.96815417911986,12.923837988251055,14.562506441306814,0.27826445429248686,7.884159538287127,9.718643718437596,6.410388539626919,1.669586725754921,0.968772544573843,Tubuai,Austral-Cook,Pacific
41.9412643106023,2.8272772523643606,11.33897461423594,15.121951219512198,0.20905923344947736,12.364360378297661,12.105525136884024,2.8073668491786963,0.776505724240916,0.5077152812344451,Tubuai,Austral-Cook,Pacific
44.585414585414576,1.9980019980019976,10.019980019980016,13.296703296703294,0.22977022977022973,14.365634365634364,12.777222777222775,1.8981018981018978,0.5394605394605394,0.2897102897102896,Tubuai,Austral-Cook,Pacific
44.17562724014337,2.1505376344086025,9.597769812823577,13.510553564317004,0.22899243329350857,14.257268020708883,13.172043010752688,1.9912385503783354,0.5874153723616089,0.32855436081242534,Tubuai,Austral-Cook,Pacific
41.060403586439605,3.3840991966845833,13.392828942030501,14.895032626407998,0.3076453815167803,8.27566076280139,9.762613440132494,6.306730321093997,1.6920495983422916,0.9229361445503409,Tubuai,Austral-Cook,Pacific
41.72491110737442,3.077058341251801,13.4980292569579,14.396236946374893,0.3282195564001921,8.605506494367537,9.302973051717945,6.359253905253722,1.6410977820009605,1.0667135583006244,Tubuai,Austral-Cook,Pacific
43.688946731502256,2.874137264345468,12.34127757235079,14.52789647930341,0.3090470176715557,7.849794248857515,9.508346577028197,5.944004306549588,1.6688538954264007,1.2876959069648153,Tubuai,Austral-Cook,Pacific
45.836978177707444,1.8528309166825376,13.422730640855715,12.093466508506273,0.17498958657557298,12.712478789460743,9.799416848232086,3.0365840023408253,0.7205453564876534,0.34997917315114596,Tubuai,Austral-Cook,Pacific
45.00998566316546,2.617338909900189,13.354611130829314,12.803457261514156,0.2679165813283659,9.54195208884872,11.705893707270137,3.173781040351411,1.0304483897244838,0.49461522706775224,Tubuai,Austral-Cook,Pacific
46.96539543714208,2.625713306815543,10.12335560088649,12.489898696288211,0.17436377428071967,10.010531982234259,13.784994860781602,2.666740077234536,0.666685019308634,0.49232124502791436,Tubuai,Austral-Cook,Pacific
45.650328559484535,2.713624286286093,14.397568854785836,12.08881321597697,0.2048018329272523,8.41735533331007,11.591783743682479,3.3280297850678493,1.0444893479289867,0.5632050405499438,Tubuai,Austral-Cook,Pacific
46.06347897774114,3.1224237427864794,15.302967848309972,14.004534212695793,0.24732069249793898,6.203627370156636,11.232481450948061,2.6586974443528444,0.7316570486397361,0.4328112118713932,Tubuai,Austral-Cook,Pacific
45.59020273747041,2.4493156323968304,12.555315426571989,12.370073067819288,0.21611608521148507,11.01162910363281,12.195121951219514,2.3258207265616964,0.8541730986930124,0.43223217042297013,Tubuai,Austral-Cook,Pacific
44.889573703133024,2.8864920390344118,13.210066769388801,13.610683102208524,0.22598870056497172,10.416024653312789,10.8371854134566,2.5680534155110424,0.9244992295839752,0.43143297380585516,Tubuai,Austral-Cook,Pacific
45.346799958775634,2.7826445429248685,13.913222714624343,13.356693806039369,0.23704009069359994,7.544058538596311,13.140265897145213,2.5146861795321036,0.742038544779965,0.4225497268885911,Tubuai,Austral-Cook,Pacific
45.234913128405466,2.4467975737637504,13.05644083478976,12.58353037935643,0.21589390356738974,10.229258764264419,12.645214351804256,2.4776395599876633,0.6682430348514445,0.4420684692094171,Tubuai,Austral-Cook,Pacific
44.20684692094171,3.3720571604811345,15.678009663822348,14.34152359411946,0.2158939035673897,6.374010486275315,11.514341523594117,2.7963400843014288,1.0075048833144853,0.4934717795826051,Tubuai,Austral-Cook,Pacific
44.314209335800946,3.3929673041332507,15.988073205840017,13.972856261566932,0.215916101172116,6.528891630680649,11.258482418260332,2.899444787168414,0.9459181575159367,0.48324079786140234,Tubuai,Austral-Cook,Pacific
43.87043870438704,3.4235342353423537,15.63140631406314,14.114391143911439,0.2255022550225502,7.328823288232883,11.27511275112751,2.7777777777777777,0.8917589175891758,0.46125461254612543,Tubuai,Austral-Cook,Pacific
44.53420595152879,2.6894365477042643,12.731363125063913,13.252888843440028,0.22497187851518563,10.430514367522242,12.27119337355558,2.5564986194907457,0.8896615195827795,0.41926577359648226,Tubuai,Austral-Cook,Pacific
44.19775927639017,3.4433138040908626,16.34289238359544,14.102168773769144,0.22612807071641486,5.9923938739849945,10.843868845718987,3.340528317401583,0.9970192208860109,0.5139274334463974,Tubuai,Austral-Cook,Pacific
43.908472479901064,3.3292104720676154,13.76004947433519,13.729128014842304,0.19583591012162443,9.791795506081222,11.131725417439705,2.9375386518243665,0.7936507936507938,0.422593279736137,Tubuai,Austral-Cook,Pacific
44.64650592562322,2.686963628933388,12.770739681242338,13.189619942787086,0.22476501838986515,10.420923579893747,12.055578259092767,2.727829995913363,0.8581937065794851,0.41888026154474867,Tubuai,Austral-Cook,Pacific
43.96507447354905,3.1022085259373395,14.894709809964048,13.168977914740628,0.2054442732408834,7.909604519774012,12.326656394453005,2.8762198253723676,1.078582434514638,0.4725218284540319,Tubuai,Austral-Cook,Pacific
43.456032719836394,2.985685071574642,13.957055214723926,13.343558282208587,0.21472392638036808,9.366053169734151,12.167689161554192,2.9959100204498976,1.0327198364008179,0.4805725971370143,Tubuai,Austral-Cook,Pacific
43.575646507839544,3.1358175524333127,14.762777438403585,13.418855630217877,0.21380574221136223,7.6359193646915084,11.962940338016697,3.665241295051924,1.140297291793932,0.4886988393402566,Tubuai,Austral-Cook,Pacific
43.978627209206735,2.6715988491574185,11.713933415536374,13.039457459926016,0.21578298397040688,10.84052609946568,12.638717632552405,3.4936292642827778,0.8939580764488286,0.5137690094533498,Tubuai,Austral-Cook,Pacific
42.75777414075285,4.071194762684124,15.906301145662846,13.481996726677576,0.2250409165302782,5.922667757774139,11.405482815057281,4.09165302782324,1.45253682487725,0.6853518821603927,Tubuai,Austral-Cook,Pacific
42.05990972507181,3.3750512925728358,13.336068937217894,13.797702092736971,0.2256873204759951,7.18096019696348,14.36192039392696,3.8982355354944604,1.1284366023799757,0.6360279031596225,Tubuai,Austral-Cook,Pacific
40.887850467289724,3.555465258025193,13.00284437220642,14.628199918732223,0.23364485981308414,7.618854124339699,13.206013815522146,4.672897196261682,1.4425030475416496,0.7517269402681837,Tubuai,Austral-Cook,Pacific
42.45671887881286,2.8854080791426213,12.984336356141796,14.509480626545754,0.2885408079142622,7.883347073371805,9.789777411376752,6.492168178070898,1.7312448474855728,0.9789777411376752,Tubuai,Austral-Cook,Pacific
41.68377823408625,3.080082135523614,12.833675564681727,14.59958932238193,0.28747433264887073,8.11088295687885,10.010266940451746,6.7761806981519515,1.6221765913757704,0.9958932238193019,Tubuai,Austral-Cook,Pacific
41.52142710682797,3.075661267172442,12.866516301004719,14.670904244412549,0.29731392249333605,8.22226778757433,10.04716013942998,6.684437153988107,1.6506048800492108,0.9637071970473652,Tubuai,Austral-Cook,Pacific
44.593974227929834,2.722903956313688,12.535633308312072,13.308903096533648,0.21577729465127338,10.480611454490422,12.330131122929908,2.5379519894697395,0.8836593971433101,0.39045415222611374,Tubuai,Austral-Cook,Pacific
45.127945006101605,2.830752914019101,12.307621365300438,13.50819085535117,0.21538337389275766,10.256351137750364,12.307621365300438,2.2769099525805814,0.7384572819180263,0.4307667477855153,Tubuai,Austral-Cook,Pacific
46.8542199488491,2.936061381074169,15.079283887468032,13.145780051150895,0.21483375959079282,5.810741687979539,11.774936061381073,2.8235294117647056,0.7774936061381075,0.5831202046035805,Tubuai,Austral-Cook,Pacific
42.51555441104113,3.674690603368596,16.98774566641069,14.71227870561549,0.23608347451809417,5.932880359628627,11.249890785731791,3.0485561709510423,1.0777723836695603,0.5645474390650078,Tubuai,Austral-Cook,Pacific
43.43494720063757,2.8989838613269576,11.934648336321976,12.691771269177126,0.20920502092050208,11.825064753935045,12.422793385136481,3.1679617453676028,0.8866308029487945,0.5279936242279338,Tubuai,Austral-Cook,Pacific
41.54019688269072,2.5328137817883514,9.372436423297785,13.607465135356847,0.22559474979491384,15.894175553732564,12.653814602132895,2.9327317473338796,0.6357670221493026,0.6050041017227235,Tubuai,Austral-Cook,Pacific
44.2287944136373,2.690490860546314,11.942904087081537,12.83631135756829,0.2259190798932019,9.848018073526392,14.36639967139043,2.7212980078044775,0.6572191415074965,0.48264530704456765,Tubuai,Austral-Cook,Pacific
43.60767236132207,3.0109571804200774,12.627585726047469,13.429860387445874,0.1741029662147664,11.490795770174582,11.695622789250777,2.7139580027595938,0.819308076304783,0.43013674006001107,Tubuai,Austral-Cook,Pacific
47.46250256831724,2.989521265666735,14.351756728991166,12.625847544688718,0.16437230326689953,8.49599342510787,9.420587630984178,3.081980686254366,0.9554140127388535,0.4520238339839737,Tubuai,Austral-Cook,Pacific
47.66652960526315,2.9605263157894735,14.288651315789474,12.551398026315791,0.1644736842105263,8.624588815789474,9.148848684210527,3.1147203947368416,1.0382401315789473,0.44202302631578944,Tubuai,Austral-Cook,Pacific
43.17365883680377,3.7952610524156314,14.57585393373679,13.786029336342184,0.1948917837726946,7.487947481793003,12.493589086060105,3.087496153451635,1.0052313057749511,0.40004102984921525,Mangaia,Austral-Cook,Pacific
44.593127044451435,2.9612221786493,13.633960447531152,13.230020952703317,0.21592245052651143,9.233255265371776,12.338425744372083,2.3854289772452693,0.8636898021060457,0.5449471370431004,Mangaia,Austral-Cook,Pacific
45.72987060838391,2.575754893453899,11.396693278575784,11.97459864117073,0.19420374196676224,9.843063342841686,14.749263139896732,2.555312394299503,0.6132749746318807,0.3679649847791284,Mangaia,Austral-Cook,Pacific
45.18487644356001,2.2210378950836716,10.76897731698826,12.3301326275459,0.2037649445030891,12.949262223171312,12.460226356363899,2.7915797396923208,0.6826125640853485,0.4075298890061782,Mangaia,Austral-Cook,Pacific
45.23247459714667,3.4794211228574365,14.512983680591196,13.250538848403984,0.18474802422251874,5.952991891614492,13.117109719798831,3.1304526326593454,0.7184645386431284,0.4208149440624038,Mangaia,Austral-Cook,Pacific
44.63073441678667,3.003497222793664,11.715696358773915,12.199135980250976,0.18514708907632174,10.86196255914421,13.772886237399712,2.4274840567784404,0.7920181032709319,0.41143797572515944,Mangaia,Austral-Cook,Pacific
44.48098663926003,3.062692702980473,12.014388489208635,12.415210688591987,0.1849948612538541,10.184994861253855,13.699897225077084,2.6721479958890035,0.8530318602261049,0.4316546762589929,Mangaia,Austral-Cook,Pacific
44.25476689627633,2.875112309074573,10.252570629929119,13.247479285215134,0.17969451931716082,11.260856543875411,14.405510631925726,2.4258760107816713,0.7187780772686433,0.37935509633622844,Mangaia,Austral-Cook,Pacific
44.586624012796165,2.8291512546236133,10.146955913226034,12.996101169649105,0.17994601619514144,11.236629011296612,14.725582325302408,2.2393282015395384,0.6897930620813756,0.369889033290013,Mangaia,Austral-Cook,Pacific
44.0325946536818,2.782470436251614,10.77213554605982,13.504919010235513,0.17887309947331806,12.113683792109706,13.504919010235513,2.076915432773526,0.6658054258173506,0.36768359336182044,Mangaia,Austral-Cook,Pacific
44.32369252807475,3.7064750990583706,15.503538502986537,13.303391311775956,0.20534488083425875,6.848251775822529,11.263166713759093,3.3368543135567044,0.985655428004442,0.5236294461273598,Mangaia,Austral-Cook,Pacific
43.83575566622624,3.587762984043093,14.645797337127755,14.65596097164346,0.20327269031405626,6.951926008740725,11.688179693058236,3.3743266592133345,0.65047260900498,0.4065453806281125,Mangaia,Austral-Cook,Pacific
45.695162762397324,2.8496095730656124,12.91958219247541,12.564648615759053,0.20281918669506135,9.623770408680661,11.570834600953251,3.295811783794747,0.8619815434540108,0.41577933272487577,Mangaia,Austral-Cook,Pacific
44.120918006268326,2.375897280355879,9.726013547669599,12.48609847335962,0.21231422505307856,13.61844100697604,14.578910120311395,2.072591244565767,0.5560610656152057,0.2527550298250935,Mangaia,Austral-Cook,Pacific
45.22383514364024,3.248401177545427,14.25236016648056,13.582377423611819,0.21317632727641864,6.57801238452949,12.486042026190237,3.045376103948838,0.9237640848644809,0.4466551619124962,Mangaia,Austral-Cook,Pacific
44.25264012997563,3.6758732737611703,15.779853777416736,13.738830219333876,0.2132412672623883,6.092607636068237,10.67221770917953,3.9906580016246957,1.0865150284321692,0.4975629569455728,Mangaia,Austral-Cook,Pacific
45.28474266571922,3.583392548979799,13.93767130240585,13.612831184651306,0.2030250735965892,6.273474774134606,12.475890772510406,3.309308699624404,0.8730078164653334,0.4466551619124962,Mangaia,Austral-Cook,Pacific
42.97764227642277,3.7093495934959355,14.390243902439028,14.613821138211385,0.20325203252032525,7.510162601626018,12.1849593495935,3.2113821138211396,0.8333333333333335,0.3658536585365854,Mangaia,Austral-Cook,Pacific
44.49518011161847,2.73972602739726,10.54287163876205,13.333333333333334,0.19279553526128868,13.0492135971588,13.018772196854385,1.8772196854388634,0.3754439370877727,0.3754439370877727,Mangaia,Austral-Cook,Pacific
44.4421906693712,2.535496957403651,10.649087221095336,12.971602434077079,0.20283975659229214,12.454361054766734,13.539553752535497,2.261663286004057,0.6288032454361054,0.3144016227180527,Mangaia,Austral-Cook,Pacific
45.183230128920925,3.329611206984063,15.297939295502996,13.55192366257233,0.2030250735965892,5.887727134301087,11.805908029641662,3.441274997462187,0.8527053091056745,0.4466551619124962,Mangaia,Austral-Cook,Pacific
44.72402597402598,3.3380681818181825,14.721996753246755,13.108766233766236,0.20292207792207795,6.148538961038962,12.368100649350652,3.7642045454545454,1.0856331168831173,0.5377435064935066,Mangaia,Austral-Cook,Pacific
43.96338955162484,2.745783628136569,11.127108185931714,12.176059234882764,0.17482517482517482,13.955162484574249,12.505141916906624,2.241875771287536,0.7404360345536815,0.3702180172768407,Mangaia,Austral-Cook,Pacific
44.538673750894034,3.4842137529375696,15.071012567691833,12.925309083478082,0.19413507714314904,5.7729641360989055,12.445080208439764,3.872483907223868,1.134157555941555,0.5619699601512209,Mangaia,Austral-Cook,Pacific
44.73148901545972,3.000406834825061,11.767697314890153,12.296582587469485,0.17290480065093572,10.516680227827502,14.045972335231896,2.2884458909682666,0.7628152969894222,0.41700569568755075,Mangaia,Austral-Cook,Pacific
45.3841450988384,3.0874261259425313,13.378846545750973,12.359894028938253,0.183411453026289,9.17057265131445,12.706337884654578,2.496433666191156,0.7845934379457918,0.44833910739759536,Mangaia,Austral-Cook,Pacific
44.25596749619097,2.2549517521584566,9.649568308786186,12.544438801422043,0.19299136617572374,14.027425088877605,14.372778059928901,1.8892839004570852,0.5281868969019807,0.2844083291010666,Mangaia,Austral-Cook,Pacific
43.987823439878234,2.648401826484018,11.740233384069,13.150684931506849,0.22323693556570265,10.410958904109588,14.449518011161846,2.3236935565702685,0.6900050735667174,0.3754439370877727,Mangaia,Austral-Cook,Pacific
43.79939209726444,2.958459979736576,11.914893617021278,13.495440729483285,0.2026342451874367,11.854103343465045,12.380952380952383,2.259371833839919,0.7193515704154002,0.4154002026342452,Mangaia,Austral-Cook,Pacific
43.922801292595196,2.9227553839496454,13.493557086178676,15.107704248765714,0.1934925167074678,7.08793640149461,12.872344269381017,3.309740417364581,0.8656244168491981,0.22404396671391008,Mangaia,Austral-Cook,Pacific
47.64398736166705,3.6467476311754643,15.151979594320592,13.14577120679282,0.16436045661635895,6.779868835424805,9.604814183518476,2.5475870775535636,1.0786154965448558,0.236268156386016,Mangaia,Austral-Cook,Pacific
46.75657577116648,3.2868584399778564,15.074912474713253,13.080854587252244,0.18260324666543645,6.249088885883826,11.280822793998075,3.043387444423941,0.7507022362912388,0.2941941196276476,Mangaia,Austral-Cook,Pacific
45.20918781421747,3.490044396189033,14.625908596745948,13.737399779743903,0.1815630032699497,5.850363438698379,11.9125503812117,3.7220415670339686,0.9985965179847234,0.27234450490492457,Mangaia,Austral-Cook,Pacific
44.18081407240745,3.3953773777868688,15.136019635917366,13.223563100838618,0.21476784618531397,5.727142564941706,12.415626917570055,3.988545714870116,1.1556555532828798,0.5624872161996318,Mangaia,Austral-Cook,Pacific
44.39443535188216,3.150572831423896,15.241407528641574,13.246726677577742,0.20458265139116205,6.239770867430442,12.101063829787236,3.682487725040917,1.1865793780687397,0.5523731587561376,Mangaia,Austral-Cook,Pacific
46.17324919312581,2.4182557522586507,10.702068009995731,11.666777117496771,0.17493765016339177,15.517998614493811,9.559828058928877,2.4799984523163188,0.9261405008650152,0.38074665035561733,Atiu,Austral-Cook,Pacific
45.508771671826,2.846616454125296,13.675911787365491,11.729961347944482,0.17898328182176917,9.676330906039803,12.601971246661552,2.437924684455926,0.924501857439193,0.4190267623204959,Atiu,Austral-Cook,Pacific
46.36699523564361,2.3010410459498147,12.156827472849905,11.247014170156937,0.20363195096901018,13.633159117375232,10.487045474904024,2.504672996918825,0.9265253769089963,0.17308715832365865,Atiu,Austral-Cook,Pacific
45.75837343303768,3.2772611417016213,17.239010018104455,11.462581444562467,0.12328255078501396,6.513428099808238,10.448196179029935,3.3389024170941286,1.5102112471164213,0.3287534687600373,Atiu,Austral-Cook,Pacific
45.46287983174508,3.6588806030989582,15.439445474485181,12.094105172306994,0.14429388293911385,6.163410142685006,11.60535087067444,3.2981458957511736,1.679993065648254,0.4534950606657864,Atiu,Austral-Cook,Pacific
46.62552164926503,3.7787870609661316,15.616938395591736,12.227685909103766,0.17409046080331772,5.847391359923201,10.691202416391981,3.236034447873435,1.5053704551816296,0.29697784489977724,Atiu,Austral-Cook,Pacific
46.175854257413754,2.1885752017866333,11.662126075248024,11.131516806325848,0.16440001515768138,12.278626132089327,10.480500966302188,4.1100003789420345,1.1405251051564147,0.6678750615780806,Aitutaki,Austral-Cook,Pacific
40.27231602430175,2.5688393334040645,11.682268843045279,12.230038284895738,0.1913081665577547,12.225931961045754,12.484761846870734,4.9325141857812165,2.1880839943486463,1.2239373597490653,Aitutaki,Austral-Cook,Pacific
39.28402317257285,2.7817163870825685,11.715283134337117,14.026306001676902,0.21890411494929385,11.465196790176744,12.370109947769764,5.055282057759503,1.8188586189009517,1.2643197747742858,Aitutaki,Austral-Cook,Pacific
45.28317662834043,3.3808251175570265,15.6664883333611,13.728897996845946,0.2021419331536013,6.020044910373628,11.827128589009195,2.3771603372741494,0.9973192410940819,0.5168169129908304,Aitutaki,Austral-Cook,Pacific
41.28188866410451,2.572400838989563,11.524355758673241,11.684334395810339,0.1955024637632068,11.966808702979447,12.213759183522445,5.1139328679112515,2.3871879785823147,1.0598291456637,Aitutaki,Austral-Cook,Pacific
40.37021005245803,2.6131583469226145,11.429995761539466,12.09911450351648,0.19547247476980187,12.397070110400591,12.757150984976542,4.8353717443056246,2.160485247455705,1.1419707736551583,Aitutaki,Austral-Cook,Pacific
38.951598366852295,3.1554687787981344,11.781782777980048,13.019708012999464,0.21514559855441823,10.654829642695,14.445490188653798,4.94834876675162,1.5777343893990672,1.249893477316144,Aitutaki,Austral-Cook,Pacific
44.41714220775877,1.8646484522536195,13.174146673531006,12.027102097751806,0.2533489744909809,12.626912888630489,10.194762733517072,3.8813062892018273,1.1451373646992336,0.4154923181652087,Aitutaki,Austral-Cook,Pacific
45.805565132506125,1.2641642725196438,14.517499387644941,10.560377719235191,0.20389746330962,11.826052871957957,10.357991136128696,3.823077437055374,1.1826052871957957,0.45876929244664494,Aitutaki,Austral-Cook,Pacific
40.42039337577086,2.7424469429636935,12.013554891937972,13.592455274681237,0.19442720864294843,11.870292738201062,12.791263726509767,4.16483546935158,1.6270487460120422,0.5832816259288452,Aitutaki,Austral-Cook,Pacific
39.79015391824246,2.767744279220664,12.766348151386826,13.0152102357107,0.1531961778166419,12.214841911246916,12.214841911246916,4.636737648583695,1.7668625841519365,0.6740631823932244,Aitutaki,Austral-Cook,Pacific
45.602605863192174,3.2878664495114,11.70602605863192,12.184446254071661,0.17304560260586319,12.011400651465799,10.637214983713353,2.1172638436482085,1.7304560260586317,0.5496742671009772,Rimatara,Austral-Cook,Pacific
43.41880341880341,3.6902966314731014,13.202614379084965,13.47410759175465,0.1608848667672197,8.949220713926595,11.794871794871794,3.0970336852689786,1.669180492709904,0.5429864253393665,Tristan Da Cunha,Tristan da Cunha,Atlantic
44.165556807704135,4.046716524946215,15.254584571252948,12.601167913123659,0.1741624833521156,6.874295666427621,11.00297100706895,2.919782809138409,2.274357135539392,0.6864050814465733,Tristan Da Cunha,Tristan da Cunha,Atlantic
42.963567710990915,3.9493825900602104,13.470762322685987,13.164608633534034,0.16328196754770893,9.092764567813042,12.133891213389122,2.5002551280742935,1.6532299214205533,0.908255944484131,Tristan Da Cunha,Tristan da Cunha,Atlantic
44.080219892089985,3.8684719535783363,14.86307645322203,13.030642369948081,0.16288302962435103,6.729105161356001,11.81919983711697,2.9217143438867965,1.9342359767891681,0.5904509823882724,Tristan Da Cunha,Tristan da Cunha,Atlantic
43.83365689179524,3.882701542862982,13.691631756411567,14.713395320322878,0.1736998058649229,7.438438745274345,11.740063349340964,2.2785327475222235,1.7778686012056812,0.4700112393992031,Tristan Da Cunha,Tristan da Cunha,Atlantic
43.19918492103923,3.881813550687724,13.958227203260318,14.569536423841065,0.16301579215486506,8.089658685685178,11.064696892511463,2.608252674477841,1.9969434538970967,0.46867040244523694,Tristan Da Cunha,Tristan da Cunha,Atlantic
43.247654018767854,3.9065687474500206,14.381884944920442,13.055895552835578,0.16319869441044474,7.935536515707875,11.740106079151367,2.6927784577723384,2.121583027335782,0.7547939616483068,Tristan Da Cunha,Tristan da Cunha,Atlantic
42.50102165917449,4.188802615447485,13.690232938291782,14.711892112791169,0.17368205966489578,7.02901512055578,12.852472415202284,2.7278299959133627,1.685737637923988,0.43931344503473624,Tristan Da Cunha,Tristan da Cunha,Atlantic
43.943719412724306,3.966150081566069,14.681892332789559,12.948613376835235,0.1733278955954323,7.075856443719414,11.286704730831975,3.0587275693311584,2.1716965742251224,0.6933115823817292,Tristan Da Cunha,Tristan da Cunha,Atlantic
43.96831844029244,3.6555645816409426,14.21608448415922,12.489845653939886,0.16246953696181965,7.727457351746548,11.596263200649878,3.168155970755483,2.274573517465475,0.7412672623883021,Tristan Da Cunha,Tristan da Cunha,Atlantic
42.41988496302383,4.159819227608875,14.482333607230895,13.968775677896469,0.17460969597370588,7.87797863599014,12.263763352506164,2.280197206244865,1.7460969597370586,0.6265406737880034,Tristan Da Cunha,Tristan da Cunha,Atlantic
43.03823349008383,4.017583316295237,13.800858720098141,13.698630136986303,0.17378859129012475,8.178286648947045,12.226538540175834,2.6170517276630547,1.6663259047229606,0.582702923737477,Tristan Da Cunha,Tristan da Cunha,Atlantic
45.37666832705382,3.7547600858021264,15.309745474312766,11.88761784135289,0.17774821621147766,6.565347456488174,11.62640727454921,2.870967102879033,1.8027531689922116,0.627985052358277,Tristan Da Cunha,Tristan da Cunha,Atlantic
42.83122476285194,4.322417177902489,12.916873711121193,13.138558296742744,0.13098233872431786,9.702768630116777,12.31233984008588,2.8513847583832272,1.4105790324157308,0.38287145165569836,Tristan Da Cunha,Tristan da Cunha,Atlantic
43.03034561227182,4.168152733123668,14.350209531313842,13.92916728462151,0.17240534419246314,6.804940350184868,12.07851558430727,2.8091929612536637,2.068864130309558,0.5882064684213447,Tristan Da Cunha,Tristan da Cunha,Atlantic
48.496973427721365,2.7906022365856167,16.10752026264492,10.013337437160153,0.1436339386477891,6.5969016107520275,10.423720119010978,2.800861803631887,2.010875141069047,0.615574022776239,Tristan Da Cunha,Tristan da Cunha,Atlantic
47.57251908396947,2.9007633587786263,15.898218829516539,10.218829516539438,0.15267175572519084,7.847328244274809,10.442748091603054,2.6463104325699747,1.7913486005089057,0.5292620865139949,Tristan Da Cunha,Tristan da Cunha,Atlantic
43.120754334381026,4.1670891209571135,14.468214539186864,14.245158673831495,0.16222244753117715,6.9147318260164266,11.882794281658727,2.8693095407076963,1.5816688634289773,0.5880563723005171,Tristan Da Cunha,Tristan da Cunha,Atlantic
42.895140664961644,4.194373401534527,14.189258312020462,13.831202046035806,0.16368286445012792,7.048593350383632,12.64450127877238,2.5780051150895145,1.902813299232737,0.5524296675191818,Tristan Da Cunha,Tristan da Cunha,Atlantic
45.101545058136,3.8244968044912397,14.327327503051457,12.036250747418705,0.1779667239937405,7.914555792858574,11.629742748277918,2.723075344662423,1.659467960644792,0.6055713164651534,Tristan Da Cunha,Tristan da Cunha,Atlantic
43.00804828973843,4.064386317907445,14.32595573440644,14.084507042253522,0.18108651911468815,6.8209255533199205,12.10261569416499,2.8973843058350104,1.9416498993963784,0.5734406438631791,Tristan Da Cunha,Tristan da Cunha,Atlantic
41.761794120618255,4.313567026972422,13.870087887665425,14.83988281644611,0.19193857965451058,8.182644711587029,11.910293969087789,2.8487726032932623,1.4951005152035561,0.5859177694716639,Tristan Da Cunha,Tristan da Cunha,Atlantic
41.2711182622687,4.062751407884151,12.952534191472246,15.537007240547062,0.19106999195494773,9.271922767497989,12.42960579243765,2.50402252614642,1.3274336283185841,0.4525341914722446,Tristan Da Cunha,Tristan da Cunha,Atlantic
42.65986190333233,4.0528369858901225,13.999799859901932,13.859701791253876,0.22015410787551282,7.505253677574301,11.8282797958571,3.37236065245672,1.841288902231562,0.6604623236265386,Tristan Da Cunha,Tristan da Cunha,Atlantic
42.6421907914535,4.082656234326412,14.013441669174439,13.913130705186076,0.20062192797672784,7.423011335138931,11.776507172233924,3.3704483900090274,1.9059083157789143,0.6720834587220382,Tristan Da Cunha,Tristan da Cunha,Atlantic
43.246566919450714,4.078704652592744,14.244722279155567,14.347202295552366,0.1639680262348842,6.876409100225455,12.102889936462391,2.4595203935232632,1.9471203115392497,0.5328960852633737,Tristan Da Cunha,Tristan da Cunha,Atlantic
43.31872388135767,3.7610844969931714,12.638874732443178,13.96391805116706,0.16308225461217005,9.672816226684336,12.078279482213842,2.3748853327897264,1.5594740597288759,0.4688614820099889,Tristan Da Cunha,Tristan da Cunha,Atlantic
47.13647441104793,2.731519090170593,14.124695369618195,10.174654752233955,0.16246953696181965,9.291226645004063,9.910641754670998,3.4524776604386673,2.335499593826157,0.6803411860276198,Inaccessible,Tristan da Cunha,Atlantic
47.90631653655075,2.3927811010848625,13.20085166784954,10.057791746932983,0.17236135050187573,8.344317144884924,12.70404542228531,2.6361147723816285,2.108891817905303,0.47652843962283276,Inaccessible,Tristan da Cunha,Atlantic
48.530757498729024,2.887646161667514,14.468734112862228,10.442297915607526,0.1525165226232842,8.500254194204372,9.710218607015761,3.619725470259278,1.179461108286731,0.5083884087442807,Inaccessible,Tristan da Cunha,Atlantic
48.59661566521431,2.6953085418988754,15.553754179754788,10.051676968284527,0.14185834431046715,7.356368426385653,9.220792380180361,3.576856824399635,2.056945992501773,0.7498226770696119,Inaccessible,Tristan da Cunha,Atlantic
48.72159090909089,3.124999999999999,16.11201298701298,10.4301948051948,0.15219155844155838,6.74715909090909,8.877840909090907,3.1960227272727266,1.9480519480519474,0.6899350649350647,Inaccessible,Tristan da Cunha,Atlantic
48.8109756097561,2.7439024390243905,15.934959349593495,9.817073170731707,0.1524390243902439,6.57520325203252,9.53252032520325,3.6178861788617884,2.0731707317073167,0.741869918699187,Inaccessible,Tristan da Cunha,Atlantic
48.79530269285281,2.7434703381251264,15.843288115003038,9.931160153877304,0.14172909495849365,6.833367078355942,9.283255719781332,3.5837214010933387,2.0955659040291557,0.7491395019234663,Inaccessible,Tristan da Cunha,Atlantic
46.361608888561854,4.744726668560537,15.319837802725122,11.609361024040687,0.11057625710628369,7.247771033966413,8.896362503551005,3.7897499026426322,1.3771770203237153,0.5428288985217564,St. Helena,St. Helena,Atlantic
45.63172571239203,2.520416030439471,12.093931758963592,12.354565135040335,0.17277045369947988,13.394791645642028,10.74225703296178,2.11389731585246,0.7418966541212959,0.23374826088753162,St. Helena,St. Helena,Atlantic
46.263345195729535,3.2740213523131674,15.353329944077274,12.709710218607015,0.19318759532282662,6.751398068124045,9.527198779867817,3.955261820030503,1.2709710218607015,0.7015760040671072,St. Helena,St. Helena,Atlantic
45.287262318544265,2.65794316090779,12.880801472091596,11.654058474749542,0.17378859129012475,11.245144142302188,12.829687180535679,2.1263545287262318,0.7564915150276017,0.3884686158249847,St. Helena,St. Helena,Atlantic
47.83808647654094,2.882551364612082,15.946028825513647,12.061739752632118,0.19421445364407647,5.7344372891751005,9.404068281713176,3.843401819482776,1.3901666155576,0.7053051211284881,St. Helena,St. Helena,Atlantic
45.31410916580844,2.8836251287332635,13.59423274974253,12.255406797116372,0.18537590113285268,10.298661174047371,11.544799176107103,2.4407826982492273,1.0092687950566424,0.4737384140061791,St. Helena,St. Helena,Atlantic
46.6625779413268,2.770111417765512,15.322498211182667,11.540427271798018,0.17377082694470003,6.787284064192988,12.787488500459984,2.770111417765512,0.7973014412756824,0.388428907288153,St. Helena,St. Helena,Atlantic
45.287474332648884,2.8028747433264893,13.234086242299798,12.104722792607806,0.17453798767967152,11.06776180698152,11.437371663244358,2.4435318275154008,0.9856262833675568,0.46201232032854217,St. Helena,St. Helena,Atlantic
46.261495401839255,3.2986805277888838,15.633746501399436,12.335065973610552,0.17992802878848457,6.857257097161135,9.46621351459416,4.008396641343462,1.2794882047181126,0.6797281087564974,St. Helena,St. Helena,Atlantic
45.77486118122161,3.3619384149419487,16.567390206966177,11.489146895507321,0.19182231196365473,6.653205451792024,10.8329126703685,3.3215547703180213,1.221605249873801,0.585562847046946,St. Helena,St. Helena,Atlantic
45.27298273785628,2.699718988358089,13.217583299879564,11.60176635889201,0.19068647129666802,10.869128863910078,12.705740666399038,2.207948615014051,0.8028904054596547,0.4315535929345644,St. Helena,St. Helena,Atlantic
44.51091833682322,3.559676936883039,12.882640343005287,13.171801774852929,0.20939276099311996,10.290158540233325,11.456775351480706,2.5127131319174394,0.9472529663974475,0.45866985741350086,St. Helena,St. Helena,Atlantic
46.37606661869024,2.847743394674617,14.5985401459854,11.319008944176003,0.1850519173434769,8.995579315307905,11.750796751310782,2.4982008841369385,0.9561015729412974,0.4729104554333298,St. Helena,St. Helena,Atlantic
46.61623389899817,3.30198323451237,15.937436107135555,12.48210999795543,0.19423430791249235,6.501737885912902,10.130852586383153,3.802903291760377,0.5315886321815579,0.5009200572480066,St. Helena,St. Helena,Atlantic
48.086148821067674,3.205062774318669,16.892926406042665,12.054710625701746,0.19393691946514238,5.052567112381341,9.012963151985302,3.480657344084924,1.3269368173930796,0.694090027559457,St. Helena,St. Helena,Atlantic
45.05896705978039,3.2126880845872305,13.531923546156973,13.420089467263113,0.17283448556323708,9.11956079707198,11.274908499389994,2.775518503456689,0.9658397722651483,0.4676697844652297,St. Helena,St. Helena,Atlantic
47.84703402589581,2.9007327110308134,16.089531265683025,11.733413630432597,0.18066847335140013,5.751279735019572,9.324500652413928,4.044966375589682,1.4353106494027899,0.6925624811803671,St. Helena,St. Helena,Atlantic
45.632453368667825,3.465497910508613,16.012638874732442,12.496177759657527,0.18346753643869126,6.217510957088981,10.59015390887779,3.6183875242075216,1.192538986851493,0.5911731729691162,St. Helena,St. Helena,Atlantic
47.39540607054963,3.2711238720262514,16.683757178014766,11.997538966365875,0.18457752255947496,5.096390484003281,10.367104183757178,3.4146841673502877,1.0561936013125515,0.5332239540607056,St. Helena,St. Helena,Atlantic
45.23663810689515,2.702978376172991,12.790697674418606,11.556507547939617,0.17339861281109756,11.281109751121992,12.678498572011424,2.3459812321501428,0.8261933904528765,0.4079967360261118,St. Helena,St. Helena,Atlantic
47.03957459862972,3.589324061765007,16.709274976991516,11.984865528172616,0.19429389508129669,5.082319255547603,9.060231107475202,3.783617956846304,1.758871050209633,0.7976275692811128,St. Helena,St. Helena,Atlantic
45.63451776649746,2.3451776649746194,11.238578680203046,12.050761421319796,0.18274111675126903,14.20304568527919,10.923857868020304,2.33502538071066,0.7208121827411167,0.36548223350253806,St. Helena,St. Helena,Atlantic
45.437900518767165,2.7057267826263858,12.714881497304445,12.206286237412268,0.19326619875902756,11.972332417861866,11.311158580002033,2.217475333129895,0.823924321025328,0.4170481131115858,St. Helena,St. Helena,Atlantic
46.24194702934861,2.9655383986092647,14.827691993046324,12.168933428775949,0.1738419061253707,8.43644544431946,11.095204008589835,2.6076285918805606,0.9919214643624092,0.4908477349422231,St. Helena,St. Helena,Atlantic
46.23612101456657,3.9319547723337074,16.06397066313538,12.855251095039218,0.19354181521849856,5.256188244881329,10.074360802689213,3.5244983192421317,1.2631150045838853,0.6009982683100744,St. Helena,St. Helena,Atlantic
45.79780755176614,2.4259033698741375,13.956557044254975,11.896061713357694,0.18270401948842874,10.931790499390987,11.490052781161186,2.2533495736906213,0.7003654080389768,0.3654080389768575,St. Helena,St. Helena,Atlantic
44.90523741593642,2.5983289178724274,12.594253107805178,12.675769309150194,0.22416955369879768,11.952313022213167,12.278377827593237,1.8035459547585084,0.6215610352557571,0.3464438557163237,St. Helena,St. Helena,Atlantic
45.638613355148784,3.4257081501175985,15.696901523673173,12.424583290725021,0.18406790060333364,6.769608344411493,11.003170058288166,3.016668370999079,1.1964413539216685,0.6442376521116677,St. Helena,St. Helena,Atlantic
46.759402369912415,3.6785162287480673,16.455435342606904,12.488408037094278,0.16486347243688818,5.564142194744977,9.860896445131374,3.0911901081916535,1.2776919113858833,0.6594538897475527,St. Helena,St. Helena,Atlantic
45.91529619623835,3.273720865733274,15.148277881069532,12.275169232981684,0.20133331963718915,8.011217142094072,10.981910817557088,2.484822960216125,1.1011699931176877,0.6070815913549937,St. Helena,St. Helena,Atlantic
47.75040716612377,2.9824918566775245,16.113599348534198,11.868892508143322,0.1832247557003257,5.618892508143322,9.476791530944626,3.8578990228013024,1.4250814332247554,0.7227198697068403,St. Helena,St. Helena,Atlantic
46.15991038768624,4.534830756768296,12.042156841798583,12.204864946145792,0.11159538775045025,10.550836660042568,10.845042682293753,2.5565488830103145,0.8521829610034383,0.14203049350057304,St. Helena,St. Helena,Atlantic
46.22340972150858,3.884492857876888,15.712670845750692,12.588634261638063,0.16442297811119105,5.076559449183024,12.146747507964237,2.620491213647107,1.007090740931045,0.5754804233891687,St. Helena,St. Helena,Atlantic
46.32188579557001,3.6476325950010158,15.433854907539118,12.385693964641332,0.19305019305019305,6.624669782564519,10.170697012802275,3.444421865474497,1.209103840682788,0.5689900426742532,St. Helena,St. Helena,Atlantic
45.96592075549169,3.336070622048861,15.94128515705194,11.506877437897764,0.19503182098131802,6.364196263600904,12.50256620817081,2.679121330322316,0.9956887702730446,0.5132416341613633,St. Helena,St. Helena,Atlantic
46.56262749898,3.2231742146062827,16.574867401060793,11.587107303141574,0.1733986128110975,5.742554059567523,11.515707874337004,3.0089759281925743,1.0709914320685434,0.5405956752345982,St. Helena,St. Helena,Atlantic
45.84097859327216,3.6901121304791027,16.574923547400612,12.538226299694188,0.18348623853211005,5.555555555555555,10.723751274209988,2.9867482161060144,1.27420998980632,0.6320081549439347,St. Helena,St. Helena,Atlantic
47.16961817995701,2.794554202067766,15.1704370969393,12.191626573856079,0.18425632101545708,8.291534445695568,9.827003787491044,2.9890469853618598,0.9008086805200124,0.4811137270959157,St. Helena,St. Helena,Atlantic
45.523380742863,3.161772229612197,14.928885705515196,12.350353013404279,0.17394863399160956,8.380231249360483,11.65455847743784,2.4352808758825337,0.9209045328967564,0.47068453903612,St. Helena,St. Helena,Atlantic
46.784989858012175,3.72210953346856,16.440162271805274,12.434077079107505,0.1926977687626775,5.354969574036512,9.5131845841785,3.620689655172414,1.2981744421906696,0.6389452332657202,St. Helena,St. Helena,Atlantic
47.64424544621961,3.2665106339676404,16.0781520301211,11.916149384349245,0.19334486618500055,5.708761575251859,9.636715172483976,3.48020759133001,1.4042942912384249,0.6716190088531598,St. Helena,St. Helena,Atlantic
46.50948231676064,3.639159405433111,15.909789851358278,12.496155817529472,0.18452075858534084,5.986673500768837,10.753459764223477,2.7883136852895953,1.1173757047667865,0.6150691952844696,St. Helena,St. Helena,Atlantic
45.373012637586626,3.3530370974317156,16.082348145128414,12.403179779861393,0.1732572360375051,7.490827558092131,11.12922951487974,2.6600081532816953,0.8764777823073786,0.4586220953933958,St. Helena,St. Helena,Atlantic
46.3808348755912,3.650010281719103,16.04976352046062,12.142710261155665,0.18507094386181366,5.788607855233394,10.374254575365,3.29015011309891,1.5011309891013778,0.6374665844129138,St. Helena,St. Helena,Atlantic
46.292707802141756,3.477817440081591,15.594084650688423,13.085160632330442,0.20397756246812848,6.323304436511982,8.526262111167771,4.150943396226415,1.6012238653748085,0.7445181030086689,St. Helena,St. Helena,Atlantic
46.71675586661177,3.4376286537669816,16.879374228077396,12.17579250720461,0.185261424454508,5.69164265129683,9.540963359407161,3.2935364347468092,1.4409221902017288,0.6381226842321942,St. Helena,St. Helena,Atlantic
46.71233813130414,3.3790161296208607,17.151066718530128,11.490256289567512,0.13311275662142788,5.979834605147221,10.09609061759445,3.389255572437894,1.1775359239587846,0.49149325521757975,St. Helena,St. Helena,Atlantic
45.861704767663866,3.4220592498190228,14.869662216475515,13.012476033618226,0.2546175037067725,7.057997202751734,8.982905530774934,4.2266505615324235,1.6295520237233443,0.6823749099341504,St. Helena,St. Helena,Atlantic
46.9032137649119,3.5460891285999323,16.194494247181666,12.254910864410974,0.22678476985232127,5.535610064122569,9.72081990776086,3.5770143244888857,1.4225590108918333,0.618503917779058,St. Helena,St. Helena,Atlantic
45.837944224161134,2.905006471844769,15.024489612277856,11.840698333384534,0.21405310845171976,8.949458534314761,10.610918376106682,3.119059580296488,1.0600725370942314,0.4382992220678072,St. Helena,St. Helena,Atlantic
45.715722873129614,2.559638152441886,12.673935498179546,12.484347323487093,0.19953873910170394,12.265919755595474,10.55440441928808,2.3180554893072127,0.8243347797913978,0.4041029696779879,St. Helena,St. Helena,Atlantic
45.90818536894209,3.621558987491682,16.656704935034927,12.955185627755517,0.2898383970371135,5.310553169399975,10.86433186843179,2.907478213393451,0.970962690004251,0.5152007425092154,St. Helena,St. Helena,Atlantic
47.52020990906936,2.7639716000410472,14.623922465671724,11.964991837238054,0.18091450472995946,8.784404285221365,10.080958235786074,2.7941240174960402,0.8442676887398107,0.4422354560065676,Reunion,Mascarene,Indian
48.44042054611048,2.3947391884497673,14.954489446859306,11.93018241971238,0.2020876952278285,7.750063111987221,10.205428609005338,2.8292277331895983,0.8285595504340967,0.4648016990240055,Reunion,Mascarene,Indian
47.911896415472846,3.3839233247553246,16.12935908086969,11.529654920872934,0.17223561832586984,6.301797329334765,9.381775445279732,3.505501408279468,1.220846588721607,0.46300986808777944,Reunion,Mascarene,Indian
47.59535823426094,3.482339563641532,16.010639917967044,11.624719534605115,0.17259408916007596,6.426591672842828,9.644963806004244,3.2995928810014523,1.336081301968588,0.4071189985481792,Reunion,Mascarene,Indian
47.99999999999999,3.073047858942065,13.471032745591938,12.352644836272038,0.181360201511335,9.158690176322416,9.853904282115868,2.6498740554156166,0.8664987405541561,0.3929471032745591,Reunion,Mascarene,Indian
47.07551951343132,2.919412062848454,14.080081094779523,11.981753674607196,0.17232640648758235,9.518499746578813,10.167257982767358,2.8383172833248858,0.8717688798783577,0.37506335529650275,Reunion,Mascarene,Indian
47.57966922146027,2.8338039532069383,13.90681726502622,12.061315046389675,0.18152480839048005,9.5502218636547,9.711577248890684,2.874142799515934,0.8975393303751513,0.40338846308995563,Reunion,Mascarene,Indian
47.842741935483865,2.862903225806451,14.546370967741934,11.602822580645162,0.18145161290322578,8.467741935483872,10.090725806451612,2.993951612903226,0.9677419354838709,0.4435483870967742,Reunion,Mascarene,Indian
47.840598766056445,2.943258824719329,14.463436836249624,12.025892586224336,0.1820572468898554,8.647719227268132,9.810862749064428,2.852230201274401,0.8698290684737535,0.3641144937797108,Reunion,Mascarene,Indian
47.20081135902636,2.870182555780933,14.198782961460447,11.815415821501013,0.18255578093306285,9.60446247464503,9.807302231237323,2.880324543610547,1.0344827586206897,0.4056795131845842,Reunion,Mascarene,Indian
48.017442450055775,2.7583409390528346,14.045228678632999,11.895345299665347,0.18253726802555523,9.339823547307576,9.562924652672143,2.8597505324003647,0.8619815434540108,0.4766250887333941,Reunion,Mascarene,Indian
47.05403480207592,2.818764628065534,13.910654319731353,12.211254706421085,0.18316882059631626,9.962348631321868,9.799531901902922,2.818764628065534,0.8547878294494758,0.38668973237000104,Reunion,Mascarene,Indian
47.1129537870361,2.6696329254727473,13.307715643644451,11.922337951258973,0.17190818080695722,11.811103246030942,9.161694812417837,2.659520679542926,0.819091920315502,0.3640408534735564,Reunion,Mascarene,Indian
46.96031665482595,3.024459555465341,13.894245407490105,12.006495483609054,0.1826854765046179,10.128894752867149,9.631584289049023,2.8722216583781592,0.8423830305490715,0.4567136912615448,Reunion,Mascarene,Indian
48.3656844010862,2.9467967414261294,13.71819370411345,12.209594689731471,0.17097455496329078,8.71970230312783,9.745549632907572,2.7959368399879314,0.8247007945288142,0.5028663381273257,Reunion,Mascarene,Indian
48.15932407966203,2.9571514785757382,13.659223496278411,12.271172802253064,0.17099175216254273,8.831221082277205,9.877288271977466,2.7459263729631855,0.8147254073627035,0.5129752564876281,Reunion,Mascarene,Indian
46.619689542483655,2.2875816993464055,13.480392156862745,11.693218954248366,0.1838235294117647,10.82516339869281,11.59109477124183,2.389705882352941,0.6127450980392157,0.3165849673202614,Reunion,Mascarene,Indian
45.794105607859194,2.2103970528039296,13.917314776913631,11.379451494064675,0.19443307408923455,12.893982808022923,9.823986901350798,2.87556283258289,0.6037658616455178,0.30699959066721244,Reunion,Mascarene,Indian
46.8838814453918,2.842062525375558,14.007308160779539,11.65245635403979,0.19285424279334148,9.135200974421439,11.825010150223306,2.4563540397888755,0.6496142915144134,0.35525781567194475,Reunion,Mascarene,Indian
46.850354397524214,3.8634321653189585,17.330538085255068,11.180992313067785,0.06988120195667367,6.109613656783469,10.891484476390138,3.014874712987921,0.6089647599081562,0.07986423080762704,Reunion,Mascarene,Indian
48.114158935054455,2.8338039532069383,14.330375151270674,11.89995966115369,0.18152480839048005,7.36183945139169,11.415893505445746,2.9043969342476808,0.736183945139169,0.22186365469947558,Reunion,Mascarene,Indian
48.27865532604294,2.7541514783313086,13.87201296071284,11.411502632644796,0.16200891049007698,8.697853381936008,10.78371810449575,2.976913730255164,0.9011745646010532,0.16200891049007698,Reunion,Mascarene,Indian
48.58091787439614,2.7576489533011275,14.210950080515298,11.07085346215781,0.1610305958132045,7.940821256038647,11.11111111111111,3.361513687600644,0.6642512077294686,0.14090177133655396,Reunion,Mascarene,Indian
47.559399542698074,2.544984590913609,14.226066209364745,12.406799880703845,0.16900288299035687,9.106272989362758,8.728501839149018,3.887066308778208,1.1730788348742418,0.19882692116512574,Reunion,Mascarene,Indian
48.40352736589734,2.746365105008078,15.064363108774174,11.411460852206664,0.16875379438790739,8.595124661720673,9.008777255281277,3.1816264161427417,0.9888560756510913,0.4311453649300805,Reunion,Mascarene,Indian
47.90247986196899,2.6268772524477026,14.119592849339965,11.812269650532423,0.17560158858181302,10.059316583119788,9.21193682426569,2.885174937977928,0.8555472746020889,0.35120317716362603,Reunion,Mascarene,Indian
47.65334902501876,3.279021163484366,15.45157559401822,11.616581782764845,0.17247326664367021,7.284459144126776,9.770103281050261,3.1958281760444773,1.136294462593592,0.4403141042550168,Reunion,Mascarene,Indian
47.76496763754045,3.2453478964401294,15.442961165048544,11.670711974110032,0.1719255663430421,7.261326860841424,9.739077669902914,3.1553398058252426,1.1458333333333335,0.4025080906148868,Reunion,Mascarene,Indian
47.45738665153328,3.513447779646933,16.102880074586032,11.593262936014108,0.16214353756663089,6.445205618273578,9.698210340704112,3.3138085490180185,1.3123492571799187,0.4013052554774114,Reunion,Mascarene,Indian
47.39606082460613,3.3937042266397146,15.805458774772212,11.640781334118866,0.1726817475392851,6.917427651426655,9.924121608581267,3.1895334545491485,1.165093908397412,0.39513646936930535,Reunion,Mascarene,Indian
47.42725210793438,3.3564214444817377,15.673471048322298,11.68644921124096,0.17290655926118045,6.967117240818152,9.926870696406596,3.183514885220557,1.2032262329763321,0.4027705733378086,Reunion,Mascarene,Indian
47.7522982119406,3.3730679866653195,15.678351348621069,11.566824931811293,0.17173451863824626,6.727952318416001,9.910091928477623,3.202343671077886,1.2183048792807354,0.39903020507121933,Reunion,Mascarene,Indian
47.88373691231759,3.382584792011966,15.765856813679912,11.612159922383475,0.17180741399522984,6.508469094878119,9.934511056312408,3.1329587257953677,1.2006306342725472,0.4072846343533978,Reunion,Mascarene,Indian
48.244000163539,2.8087820434196007,14.46297886258637,11.64193139539638,0.17376017008054298,8.75955680935443,9.730569524510406,2.9232593319432523,0.9025307657712909,0.35263093339874896,Reunion,Mascarene,Indian
48.50407062483586,2.811054322134906,14.464354255469585,11.595725338882042,0.17171370275347972,8.504878689319407,9.767479444859699,2.9191329468091554,0.9110927051978748,0.350497969737985,Reunion,Mascarene,Indian
48.34863781644766,2.820759981736086,14.458931561057275,11.668611435239205,0.1724925168687535,8.381106996093552,10.024859215666378,2.820759981736086,0.936532900410938,0.3673075947440515,Reunion,Mascarene,Indian
48.32397136657676,2.8025064384645018,14.316711617626183,11.721047188368178,0.1723683410054144,8.577859793563563,9.92638857907651,2.859286597854521,0.9307890414292377,0.3690710360351226,Reunion,Mascarene,Indian
48.315881149616196,2.8345451967674644,14.481599254653357,11.716930306037716,0.17215887225811682,8.496546695562355,9.863690681141517,2.8558118809875848,0.8962388349907846,0.3665971279849311,Reunion,Mascarene,Indian
47.712146844008636,2.872858778123322,15.174691289240963,11.730502345087473,0.18233941469047885,6.8174681159273485,11.558292897879797,2.745221187839987,0.7982414376449852,0.40823768955701656,Reunion,Mascarene,Indian
48.161280518691115,3.2387802654239692,15.418903859791309,11.498328436835173,0.18235234525377364,6.1594569952385765,9.776111842771755,3.5052173032114267,1.359538040725357,0.7000303920575421,Reunion,Mascarene,Indian
47.70081076138418,2.743177615670656,14.691240119480623,11.155588970394001,0.17271859061630054,7.274500640074775,12.232540182472109,2.733017698575579,0.9093125800093469,0.3870928413224148,Reunion,Mascarene,Indian
47.82748696894686,2.777274648312504,14.932882529332451,11.179536718388377,0.1710640181931615,6.8727484956429,12.246171184769267,2.737024291090584,0.8673951981323835,0.3884159471915314,Reunion,Mascarene,Indian
47.173656111179035,2.532909483636957,13.550963850511474,11.462281452500307,0.1732078086155602,10.473978073929167,11.085299751395853,2.4962301829889557,0.7233973183355749,0.3280759669071199,Reunion,Mascarene,Indian
47.906251897427595,2.6756258981157277,15.786597583436212,10.91906332854338,0.1720334352041126,6.6182274484405665,12.042340464287882,2.7828938047724097,0.7609949604323099,0.33597117933979637,Reunion,Mascarene,Indian
47.930989095548114,3.2794354389624067,15.025261473974103,11.724563872548524,0.18224710682717912,6.216651310660444,10.84370285621716,3.2804479228892243,0.9993216357690323,0.5173792866038253,Reunion,Mascarene,Indian
48.29026627248786,2.9321252358514363,15.276110141359512,11.906083201323794,0.1816182183252782,6.023670907788394,11.411678051438315,2.804992483023741,0.7981111705294172,0.3753443178722416,Reunion,Mascarene,Indian
47.89561780305321,3.269001956157864,15.003932482303831,11.807530199447436,0.18149918325367534,6.4230544295884,10.839534555427834,3.1359025551051682,0.9377457801439895,0.5061810555185835,Reunion,Mascarene,Indian
47.654573326520186,3.096576392437404,15.861011752682677,12.089933571793562,0.19417475728155342,7.164026571282575,10.015329586101176,2.636688809402146,0.8993357179356157,0.38834951456310685,Reunion,Mascarene,Indian
47.52705572974613,2.690401537372307,13.725093557196319,12.177606958632547,0.18205724688985536,9.891777081015473,9.61869121068069,2.9432588247193285,0.8900576514615152,0.35400020228582985,Reunion,Mascarene,Indian
46.85250886974151,3.203243791180943,13.968575772934619,12.397364419665486,0.1824632539280284,8.839330968068932,9.741510390268626,3.1120121642169285,1.2569690826153068,0.446021287379625,Reunion,Mascarene,Indian
47.557529269277346,2.8159063383124745,14.41259588211546,11.949939442874443,0.18167137666532093,8.992733144933386,9.64876867178038,3.027856277755349,1.0092854259184496,0.4037141703673799,Reunion,Mascarene,Indian
48.06458082631367,2.7878058563979136,14.630966706778977,11.472121941436018,0.18050541516245483,8.373445647813877,10.308864821500197,2.878058563979141,0.9326113116726835,0.37103890894504604,Reunion,Mascarene,Indian
48.478742695950025,3.364900261938344,14.57787628450534,12.371549466048759,0.19141648196655248,6.367116663308482,10.265968164416682,3.1029619181946404,0.8764859963731614,0.4029820672980053,Reunion,Mascarene,Indian
48.27567129513421,2.2437122270022054,13.845446135026396,11.392730577289736,0.17529642102286638,10.136661540620922,9.868235694285499,2.89428632021974,0.809375643530476,0.3585841458679324,Reunion,Mascarene,Indian
47.768745793386465,3.034379075755301,13.762456427399083,11.132525050734696,0.16371961152594236,8.48318835517453,11.118226394706229,2.924075157821416,1.138785819410017,0.47389831408632105,Reunion,Mascarene,Indian
48.29596863375893,2.9556650246305423,13.672464059515432,12.194631547200164,0.17090580074394293,8.615663013974064,9.942696290338798,2.7847592238865992,0.844475721323012,0.5227706846285313,Reunion,Mascarene,Indian
48.27445790491703,2.911534154535274,13.570192405578743,12.13478570701415,0.18324340832739486,8.93820625063626,9.87478367097628,2.7486511249109236,0.8449557161763208,0.5191896569276189,Reunion,Mascarene,Indian
47.50925356242527,2.8916905297318425,14.774094924791914,12.393995359814173,0.1832761603351168,9.082351945495788,9.021259892050749,2.8815085208243363,0.9061987927680775,0.3563703117627271,Reunion,Mascarene,Indian
45.573190675939976,2.0567713888874644,14.518982267368163,12.3795124576414,0.21276945402284117,11.378099850840508,10.820846518875921,2.016243873835495,0.6079127257795462,0.43567078680867477,Reunion,Mascarene,Indian
47.02916691043417,2.860547537742908,14.307869636216768,12.381028627029558,0.18392899847991714,9.664483536199219,9.731198853728205,2.6542432481532687,0.8385602218643543,0.34897243015162854,Reunion,Mascarene,Indian
47.19468493356676,2.674196140907378,13.381141024221188,12.296323691528633,0.1826825479236879,10.70592885134538,9.974385834075884,2.5035027702111625,0.7620239763223912,0.3251302298975535,Reunion,Mascarene,Indian
47.3408007568004,2.7115962535118237,13.576330415139271,12.28200193277688,0.18237013900498691,10.33464767597852,10.000285431184581,2.4750961291453786,0.7706641983665182,0.3262070680916479,Reunion,Mascarene,Indian
47.04889940093588,2.6787337340710837,13.353839994934614,12.500076593606583,0.18729689928655613,11.042755572440194,9.72943053164133,2.4183154717042794,0.7342773750656153,0.3063744263138868,Reunion,Mascarene,Indian
47.407699107769034,2.6408656193195252,13.265224306113065,12.133265264903587,0.18329759064147053,10.714688064241441,10.03874013862007,2.5231329475896773,0.7784565449723583,0.31463041582976664,Reunion,Mascarene,Indian
47.47451951151138,2.6849264605423087,13.460053496122393,12.11131565444703,0.18277335799997776,10.262025748171508,10.118316906333208,2.593843391771556,0.7883745619157402,0.32385091118489967,Reunion,Mascarene,Indian
47.39991684938456,2.6327639854150977,13.216678509022046,12.161234939116063,0.18297201443039288,10.914280660772935,9.906918070214495,2.495534974592303,0.7745815277553298,0.3151184692967878,Reunion,Mascarene,Indian
47.43213465999329,2.6395330950180975,13.257770628547094,12.114448362032695,0.18296416204756863,10.652874401622634,10.072197495346943,2.5559971190275594,0.7762733378632922,0.3158067385008144,Reunion,Mascarene,Indian
47.03434133233662,2.8194339918073776,13.928468605890407,12.155589116237254,0.18334907542566786,9.962471525332985,10.048337483521314,2.756802351717067,0.7879464398458454,0.32326007788547506,Reunion,Mascarene,Indian
47.06717004079358,2.791192641954038,13.895152912559864,12.149897382623458,0.18293764410773558,10.140117059822131,9.85734917779411,2.7952466617680596,0.7966148934552919,0.3243215851217473,Reunion,Mascarene,Indian
47.94590759755886,2.787033494134137,14.288367636715357,11.813632105489114,0.18065985504583987,8.775197228799616,9.893664421274421,2.966678406174101,0.953031482517099,0.39582777229144694,Reunion,Mascarene,Indian
47.87303318654305,2.8286298035832025,14.629510545294707,11.806680450301585,0.1812154561216433,8.336317978689632,9.97651626767385,3.012795988636641,0.9483032291149442,0.4069970940407485,Reunion,Mascarene,Indian
47.94309007942108,2.845086958211379,14.637573556031441,11.894447478385723,0.18193420915377584,8.390040763898691,9.891330359389094,2.8808806474771584,0.9367719819272549,0.39884396610439893,Reunion,Mascarene,Indian
47.952551567616766,2.797147134429401,14.572514075028034,11.762406791526308,0.18103389334103456,8.434301738802992,9.976253333156448,2.979813802456713,0.9459888338621141,0.39798882978017747,Reunion,Mascarene,Indian
48.11991869918699,2.78760162601626,14.56808943089431,11.615853658536585,0.17886178861788615,8.233739837398375,10.076219512195122,3.0630081300813004,0.9603658536585364,0.39634146341463417,Reunion,Mascarene,Indian
47.88408383993675,2.814972843611601,14.640303931487045,11.807298145663383,0.1807369462383996,8.488727373496873,9.96090824900131,2.8913836156966064,0.9342490400260001,0.39733601484202835,Reunion,Mascarene,Indian
47.593183860144265,2.836505027842216,14.690131622361083,11.765607630340655,0.179895737628361,8.643523195078249,9.812033319289554,3.150205834428918,0.9329807160297052,0.39593305685700225,Reunion,Mascarene,Indian
48.10065643728759,2.817091032226216,14.613787222931652,11.694701584180228,0.17991848591046505,8.12693024792849,10.044428850602381,3.064937926082469,0.9597692474021974,0.3977789654483071,Reunion,Mascarene,Indian
47.69199346405229,2.818627450980392,14.072712418300654,12.132352941176471,0.1838235294117647,9.252450980392158,9.620098039215685,2.920751633986928,0.9191176470588236,0.3880718954248366,Reunion,Mascarene,Indian
47.420047001123926,2.9222437927863485,14.447736793705934,11.87289261264943,0.17369980586492284,8.971084091141307,9.686318585879226,3.014202513538367,1.0626341064677631,0.4291406968427505,Reunion,Mascarene,Indian
48.11513481462831,2.9142416658818315,13.928065341076614,12.170785655837227,0.18088396546852747,9.004001836655592,9.606948388217349,2.7233085912206083,0.8541742813791575,0.5024554596347985,Reunion,Mascarene,Indian
46.36356273664176,2.6038186640749967,13.518192310028551,13.527303650610461,0.18323918281398693,10.104476705339247,9.665107615055986,2.844763003907753,0.8483670452934864,0.34116908623377684,Reunion,Mascarene,Indian
46.64439720619495,2.540742990181192,12.875797145460066,12.055876100819921,0.18220467658669903,11.31693491244053,11.063872861625669,2.287680939366332,0.7389411883793906,0.2935519789452373,Reunion,Mascarene,Indian
45.74673020379195,2.4941701307918485,12.13626685592619,12.551961877724832,0.18250025347257426,14.153908547095206,9.388624150866876,2.291392071377877,0.7198621109195985,0.3345837980330528,Reunion,Mascarene,Indian
48.16458820997245,3.236758041160448,14.066665449319935,12.047716246328852,0.10178484406164932,8.264929337805922,10.28026925022658,2.7074768520398718,1.0483838938349879,0.08142787524931945,Reunion,Mascarene,Indian
47.34196086142329,3.3873639519527377,13.782717397316677,12.374776811761528,0.10141808239379453,8.833514976499506,10.58804780191215,2.5151684433661043,0.7200683849959412,0.3549632883782809,Reunion,Mascarene,Indian
47.330377432237604,3.4991329619163984,14.344398867271318,12.378436591075914,0.1432393610141216,6.292300501691771,11.786553134876291,2.9364069007894926,0.8185106343664091,0.4706436147606853,Reunion,Mascarene,Indian
48.600029665588586,3.2413610389381646,13.75030201738234,12.075533578991807,0.12231551090332697,7.777227901603206,10.009485975588923,2.9559581801637353,0.9785240872266158,0.4892620436133079,Reunion,Mascarene,Indian
47.48678257824805,2.515656907374474,14.913535769614416,11.731512417342628,0.2004507495915916,8.81983298203003,10.142807929334534,2.986716168914715,0.7917804608867868,0.4109240366627628,Reunion,Mascarene,Indian
48.494678155093766,2.959959452610238,14.850481500253421,11.292448048656869,0.16218955904713633,6.639635073492143,11.505321844906232,2.8180435884439934,0.9021794221996958,0.37506335529650275,Reunion,Mascarene,Indian
48.60537710200383,3.0611217400060413,15.22505286476689,11.418789648575169,0.1711811499345484,6.152451918235827,11.15698318396939,2.9100795488873223,0.9163226261202296,0.38264021750075516,Reunion,Mascarene,Indian
48.55057774173931,3.0508818163389417,14.767889722278532,11.858909385769309,0.18244475978106628,6.679505371984594,10.683154267180214,2.9191161564970605,0.9324954388810055,0.37502533954996964,Reunion,Mascarene,Indian
47.97699525779437,3.107658157602664,14.650388457269703,11.512460902028051,0.1715265866209263,6.951871657754011,11.411562909898096,2.845323378064777,0.988800322873575,0.3834123700938352,Reunion,Mascarene,Indian
47.518660480129114,2.794028646358685,14.292919104296956,12.154528948961067,0.18156142828323585,10.046399031672385,8.67460157353238,3.0159370587048624,0.92798063344765,0.39338309461367765,Reunion,Mascarene,Indian
48.1969205834684,2.8464343598055106,13.634521880064831,12.267017828200972,0.17220421393841168,9.288897893030795,9.532009724473257,2.7653970826580228,0.9015397082658022,0.3950567260940033,Reunion,Mascarene,Indian
47.40147908013372,2.897376152365515,14.101914699625162,12.450612906493767,0.1722216594063418,9.401276466416775,9.74571978522946,2.7352851788066053,0.7496707527099583,0.3444433188126836,Reunion,Mascarene,Indian
47.73163584924725,2.677579064362938,14.71152874608467,12.438112559361421,0.18187329493785992,9.235121754066888,8.97241588360109,2.96049307871072,0.737597251692432,0.3536425179347276,Reunion,Mascarene,Indian
48.2702812057455,2.8120574549868502,14.515476431317015,11.52134331377706,0.1820756625531054,8.294557960752579,10.165891159215052,2.9132106008496863,0.9508395711106615,0.3742666396924944,Reunion,Mascarene,Indian
48.78613881333737,3.2839730029213254,15.946408784124106,11.362949531580538,0.17125012591921027,6.386622343104664,9.166918505087136,3.384708371109096,1.077868439609147,0.4331620832074141,Reunion,Mascarene,Indian
48.66212229117916,3.347237765795096,15.952792756129819,11.466069793468307,0.1729575745243667,6.338386407569438,9.258317224539626,3.2861939159629663,1.0784413470342864,0.4374809237969274,Reunion,Mascarene,Indian
47.251521298174445,2.6064908722109528,14.371196754563892,12.150101419878295,0.18255578093306285,9.969574036511156,9.300202839756592,2.8397565922920887,0.9634888438133873,0.3651115618661257,Reunion,Mascarene,Indian
47.44378340223857,2.551174750428557,13.854996470706867,12.302107492185135,0.1815065039830594,10.366038116365836,9.387919733790461,2.7931834224059693,0.7865281839265906,0.3327619239689422,Reunion,Mascarene,Indian
47.62240580294177,2.6596816441668345,14.074148700382832,12.34132581100141,0.17126737860165223,8.099939552689904,11.293572436026597,2.538787023977433,0.8160386862784607,0.38283296393310495,Reunion,Mascarene,Indian
47.691690084303495,3.211561621838619,14.271376957045364,13.016860698514654,0.17061421116017667,7.025291047771979,9.855479727017261,3.1613809714973904,1.1039743075070254,0.49177037334403856,Reunion,Mascarene,Indian
47.61426418884981,3.1441486690105465,14.465092918131589,13.179306880964337,0.18081366147664485,6.93119035660472,10.075339025615266,2.9834254143646404,0.9944751381215468,0.43194374686087383,Reunion,Mascarene,Indian
47.189660354673876,2.855425308085362,14.687907023344355,13.245165815048592,0.18034265103697023,6.472297364993487,11.672177136559462,2.604949403867348,0.7213706041478809,0.370704338242661,Reunion,Mascarene,Indian
47.809485530546624,3.02451768488746,15.172829581993568,12.218649517684888,0.17081993569131837,6.260048231511255,11.254019292604502,2.7833601286173635,0.9143890675241159,0.39188102893890675,Reunion,Mascarene,Indian
47.904551834770395,2.817325045117305,15.19951874874674,11.820733908161216,0.17044315219570885,7.028273511128933,10.76799679165831,2.9476639262081408,0.9725285742931621,0.37096450772007217,Reunion,Mascarene,Indian
47.523359791017775,2.8534110318496935,15.352155129106801,12.408319099768914,0.1708027730332563,6.219230382799156,11.423691349341906,2.7830804782477645,0.9243444187682106,0.3416055460665126,Reunion,Mascarene,Indian
47.7441347503509,3.0579506717465406,14.247042310006014,13.154200922398235,0.180469219971927,7.048325646681371,10.417084419490676,2.8674553839983954,0.9123721676358532,0.37096450772007217,Reunion,Mascarene,Indian
45.88553673448932,2.495740202465671,12.939761451338077,13.681467374962414,0.1804149543951087,10.985266112057733,10.54425177909191,2.2852560890047102,0.6514984464267816,0.350806855768267,Reunion,Mascarene,Indian
45.41445324245766,2.7463165280144337,13.861882329357522,14.292873609301394,0.18041495439510874,10.183421870301695,9.411646787611508,2.5659015736193247,0.9622130901072466,0.3808760148341185,Reunion,Mascarene,Indian
47.04822893736241,2.9017410446267755,15.049029417650589,12.98779267560536,0.17010206123674204,7.5045027016209715,10.296177706623972,2.8316990194116465,0.8505103061837102,0.3602161296778066,Reunion,Mascarene,Indian
47.41448692152916,2.575452716297786,14.949698189134802,12.86720321931589,0.18108651911468807,6.589537223340038,11.800804828973838,2.6056338028169,0.7243460764587523,0.29175050301810856,Reunion,Mascarene,Indian
48.0857344359268,2.701786846463059,13.822624839957074,11.397581918986706,0.17202388161000748,10.351790052178686,9.532146851566297,2.7119058983224713,0.8500003561906252,0.3744049187982516,Reunion,Mascarene,Indian
47.69828344415285,2.5859901803233347,12.980856220126977,11.709815575732431,0.16289701923296598,10.65957369605721,10.191244765762434,2.6368954988336366,0.9672010516957353,0.407242548082415,Mauritius,Mascarene,Indian
46.063668519454275,1.9302678120262762,13.88580090955028,12.683173319858518,0.19201616978271857,10.80343607882769,10.53057099545225,2.9914098029307734,0.6366851945426983,0.28297119757453265,Mauritius,Mascarene,Indian
44.04207970867893,2.387214242362937,12.431721626542583,11.75399554926158,0.18207566255310537,13.271292737204124,11.430305482500506,3.297592555128464,0.768763908557556,0.43495852721019623,Mauritius,Mascarene,Indian
43.6026195801842,2.760820071549046,12.347283862425993,12.468759945574151,0.18337550290731672,12.81591014763358,11.29796848467857,2.648757264216797,1.3549412159262848,0.5195639249040641,Mauritius,Mascarene,Indian
45.30471079200959,2.628286833757667,12.19034204606669,12.008638452719977,0.1738555493147095,13.243702138973457,10.779044057511989,2.5771528486651056,0.6545150091847888,0.4397522717960299,Mauritius,Mascarene,Indian
46.540850524771656,2.08739717137012,15.848005708848872,12.157057870837052,0.1519949396628728,8.34958868548048,10.578847800535948,3.424952640403401,0.5877137666964415,0.2735908913931711,Mauritius,Mascarene,Indian
46.59175323345153,1.745047263344255,15.150641558052435,11.870069711914685,0.17147863281417539,9.703673221602157,11.40837257134308,2.9050497794401475,0.2925223736241815,0.16139165441334152,Mauritius,Mascarene,Indian
46.98237216948644,1.8497792829208306,15.869691115768871,11.503728841683781,0.1617293362116573,8.440249733545865,11.74559304237161,2.901019968296603,0.3335667559365432,0.2122697537778002,Mauritius,Mascarene,Indian
46.534653465346544,1.6701670167016704,14.931493149314933,12.431243124312433,0.17001700170017006,11.321132113211323,9.880988098809883,2.690269026902691,0.24002400240024005,0.13001300130013005,Mauritius,Mascarene,Indian
47.31,2.92,14.279999999999998,11.47,0.16,8.94,9.58,3.2,1.48,0.66,Mauritius,Mascarene,Indian
46.11461146114611,3.4303430343034305,13.01130113011301,12.61126112611261,0.17001700170017,9.8009800980098,10.61106110611061,2.81028102810281,1.0401040104010402,0.4000400040004,Mauritius,Mascarene,Indian
46.90999999999999,2.9199999999999995,14.759999999999998,12.489999999999998,0.16999999999999998,8.029999999999998,9.869999999999997,3.749999999999999,0.6199999999999999,0.47999999999999987,Mauritius,Mascarene,Indian
46.57000000000001,2.2000000000000006,13.210000000000003,11.500000000000002,0.17000000000000004,12.070000000000002,10.600000000000001,2.4600000000000004,0.8600000000000002,0.36000000000000004,Mauritius,Mascarene,Indian
46.339999999999996,2.0299999999999994,14.189999999999998,11.479999999999999,0.16999999999999998,11.439999999999998,9.809999999999999,3.1799999999999997,0.9699999999999999,0.38999999999999996,Mauritius,Mascarene,Indian
46.9,1.71,15.689999999999998,12.21,0.17,9.28,10.82,2.81,0.27,0.14,Mauritius,Mascarene,Indian
47.52475247524753,1.94019401940194,16.091609160916093,11.851185118511852,0.17001700170017003,7.630763076307631,11.281128112811281,2.9402940294029403,0.37003700370037007,0.2000200020002,Mauritius,Mascarene,Indian
46.32536746325367,1.7898210178982101,14.908509149085091,12.38876112388761,0.16998300169983002,10.358964103589638,10.66893310668933,2.78972102789721,0.40995900409958996,0.18998100189981,Mauritius,Mascarene,Indian
46.194619461946196,1.9501950195019502,14.071407140714074,12.981298129812982,0.18001800180018002,11.441144114411442,9.85098509850985,2.7702770277027704,0.36003600360036003,0.2000200020002,Mauritius,Mascarene,Indian
45.95919183836768,1.5503100620124028,14.472894578915785,11.972394478895781,0.1700340068013603,12.35247049409882,10.272054410882177,2.7505501100220044,0.33006601320264056,0.1700340068013603,Mauritius,Mascarene,Indian
45.99,1.81,14.429999999999998,12.78,0.18,11.04,10.27,2.86,0.42,0.22,Mauritius,Mascarene,Indian
46.08460846084609,2.0302030203020305,15.721572157215725,12.181218121812183,0.16001600160016005,8.640864086408644,11.831183118311833,2.770277027702771,0.3700370037003701,0.21002100210021005,Mauritius,Mascarene,Indian
48.006368575047325,2.863786320981955,14.126663265338548,11.394653616544195,0.1619101806915593,7.235361199654056,11.981353371175386,2.519727187012392,1.133371264840915,0.57680501871368,Mauritius,Mascarene,Indian
44.67215450835156,2.3506350497845334,13.407699489972725,12.935706095963415,0.18159412401768926,12.429108932766288,10.23989088210859,2.774354672492475,0.726376496070757,0.2824797484719611,Mauritius,Mascarene,Indian
46.65180481143146,1.5738930688977741,14.730024875581732,12.346262932154714,0.18160304641128164,11.259388877499461,10.099147192094051,2.744223812437145,0.2925826858848426,0.12106869760752108,Mauritius,Mascarene,Indian
46.05303058091273,2.166010669080291,14.20052789121331,13.005319155396734,0.1821878132871273,10.749080983940509,10.03045127597462,2.9150050125940368,0.47571262358305455,0.22267399401760002,Mauritius,Mascarene,Indian
45.777233782129734,1.7339861281109747,13.65769073847409,11.913504691962462,0.18359853121175027,13.433292533659728,10.087719298245613,2.600979192166462,0.40799673602611175,0.20399836801305588,Mauritius,Mascarene,Indian
47.5598365775254,2.674047036487372,13.621555392633041,11.907239922034439,0.15079212611770895,9.781382580835388,9.922121898545248,2.9354200550914005,1.0253864576004208,0.42221795312958504,Mauritius,Mascarene,Indian
48.121252129017044,2.7056125695029665,13.253433000234455,11.853990498824436,0.16274361320318592,9.764616792191156,9.774788268016355,2.868356182706152,1.0273190583451113,0.4678878879591596,Mauritius,Mascarene,Indian
46.93518175664486,2.998693470278444,14.082601416734263,12.106554529859103,0.1535167305603299,9.344051666772081,10.357262088470257,2.712128906565828,0.9620381781780674,0.34797125593674777,Mauritius,Mascarene,Indian
46.308258139540854,1.6683106098306204,14.367693191329161,13.34895802273687,0.21233044125116987,10.525523302022279,10.100862419519938,2.881627416980163,0.34377309535903694,0.24266336142990844,Mauritius,Mascarene,Indian
45.092243400265005,1.8346753643869125,14.19834879217205,13.902762205687491,0.17327489552543063,11.4157578228519,10.325145245133013,2.4462338191825497,0.407705636530425,0.2038528182652125,Mauritius,Mascarene,Indian
46.43794147325934,1.5741675075681132,15.408678102926338,13.340060544904139,0.1715438950554995,9.404641775983857,10.403632694248236,2.542885973763875,0.49445005045408685,0.22199798183652877,Mauritius,Mascarene,Indian
45.14751167179894,1.9171550610906922,14.333962451574447,13.976358398728516,0.17880202642296608,10.817522598589449,10.132114830634745,2.6621635045197176,0.5364060792688984,0.29800337737161015,Mauritius,Mascarene,Indian
45.00049945060433,1.788033163520128,14.394166416941365,13.884726800519429,0.18979122964738787,11.437418839276795,9.919089002097692,2.7869343721905904,0.4095494955548896,0.18979122964738787,Mauritius,Mascarene,Indian
46.11314611314611,1.8925518925518925,13.715913715913713,13.166463166463164,0.1933251933251933,11.09076109076109,10.58201058201058,2.4420024420024418,0.5494505494505494,0.2543752543752543,Mauritius,Mascarene,Indian
47.46299132210311,2.123532414497192,12.485962225625318,11.68963757018887,0.1633486472690148,11.893823379275139,10.58703420112302,2.6442062276671763,0.6533945890760592,0.2960694231750893,Mauritius,Mascarene,Indian
46.34859794230381,2.1787371393988297,13.274157756707684,12.39661085333871,0.16138793625176517,11.831753076457534,10.550736332459149,2.0778696792414766,0.8371999193060318,0.342949364535001,Mauritius,Mascarene,Indian
45.033712388044684,1.8013484955217873,14.239710174096812,13.897554593941836,0.17107779007748822,11.482338734024355,10.003019019824897,2.727181241823488,0.4327261749018819,0.21133138774277951,Mauritius,Mascarene,Indian
43.57968828557065,2.3026646556058323,13.45399698340875,13.876319758672704,0.18099547511312217,12.46857717445953,10.377073906485673,2.9562594268476623,0.4524886877828055,0.35193564605329314,Mauritius,Mascarene,Indian
44.81269458672292,2.5007532389273885,11.559706738977606,14.331625991764591,0.18077734257306421,13.417696093200766,10.173747112584115,1.8881189113186707,0.813498041578789,0.32138194235211415,Mauritius,Mascarene,Indian
46.67471576617367,2.958044068819801,14.005433142167224,13.321259684072848,0.18110473890733475,9.07535969413422,9.32689405372774,2.8373075762149114,1.1369353053627125,0.4829459704195594,Mauritius,Mascarene,Indian
46.566954426821916,3.3527404135715715,15.057217426219632,13.501304958843601,0.18068660911463558,7.4683798434049375,9.265207789600481,2.941176470588235,1.2748444087532622,0.3914876530817104,Mauritius,Mascarene,Indian
48.00281718482744,2.8272462018311697,14.900895462320152,12.415735989536168,0.1811047389073347,6.881980078478719,10.141865378810744,3.1089646845759122,1.1369353053627123,0.40245497534963276,Mauritius,Mascarene,Indian
47.53223207091055,3.051974214343271,15.088638195004028,12.01651893634166,0.19137792103142628,7.000402900886382,8.29975825946817,4.039081385979049,2.215954875100725,0.5640612409347301,Mauritius,Mascarene,Indian
45.213356198930704,3.2785231514173314,13.870674871381016,14.011903560980535,0.18157974377080605,8.705739937455869,10.24916775950772,2.9052759003328967,1.1096539897104816,0.4741248865126602,Mauritius,Mascarene,Indian
47.25219320358979,3.2469496823636175,14.712110517293533,13.038217202783098,0.17142280931733386,6.877079762024805,10.06352727639407,2.8637692850660477,1.300796611878592,0.47393364928909937,Mauritius,Mascarene,Indian
45.40740528584239,2.132419878769807,12.440800335382146,11.125590455442234,0.16170008559391905,13.279619529400602,11.551449864615591,2.698370178348524,0.7882879172703553,0.4143564693344175,Mauritius,Mascarene,Indian
48.502053131257064,3.0581370196252884,15.097003086883506,11.06937546929661,0.16310064104668204,6.350731210755183,11.019487060716456,2.8644550083823535,1.396549238962215,0.47910813307462846,Mauritius,Mascarene,Indian
47.46895127947896,2.43197645798351,11.86723781986974,11.298452009647095,0.1614590179574114,12.09933515818352,10.90857490074761,2.320973383137789,1.0494836167231743,0.39355635627119034,Mauritius,Mascarene,Indian
46.037665064043495,1.644202323715839,14.333812895706796,12.625272834192646,0.18156835476616628,11.509416266010874,10.208176390186681,2.9050936762586606,0.3833109711730177,0.17148122394582374,Mauritius,Mascarene,Indian
46.14800188706701,2.256576303728828,14.261155649241191,13.152306580814848,0.1829656462482833,9.991957236781248,10.540854175526098,2.825802758723486,0.437084599370899,0.20329516249809254,Mauritius,Mascarene,Indian
46.03267728916176,1.916767189336124,14.759107357888155,12.544974924448098,0.18158847056868543,11.046631959595029,10.552307789713609,2.4110913592175454,0.3732651895022978,0.18158847056868543,Mauritius,Mascarene,Indian
46.03485594845964,2.192619379243061,15.267127529544275,12.285073814632911,0.17256726595894462,9.206971189691927,11.318382443777837,2.821982349210976,0.48724875094290243,0.21317132853751977,Mauritius,Mascarene,Indian
45.82937060222765,1.7284566327703854,14.504884608336274,12.77864161300786,0.18194280344951422,11.93746949299313,9.946206588573446,2.5775230488681182,0.36388560689902844,0.1516190028745952,Mauritius,Mascarene,Indian
44.94561590746133,1.8282266068391493,14.810689702595802,13.3543839590165,0.18487684788261058,12.160788216278386,9.726576385824014,2.5163793184022,0.308128079804351,0.16433497589565385,Mauritius,Mascarene,Indian
46.26193633879757,2.024592399947377,15.164197075605854,12.22379650028148,0.17209035399552705,9.556076127751618,11.185873009709258,2.804060473927117,0.4150414419892123,0.1923362779950008,Mauritius,Mascarene,Indian
46.0997338398071,1.7909685885965445,15.359832302200873,12.72822555567684,0.18213239884032653,11.019010129839756,9.4506478064925,2.802815248820581,0.4047386640896146,0.16189546563584584,Mauritius,Mascarene,Indian
46.0278407732855,2.131199122923687,15.170905604888043,12.287520457491485,0.1717079862071217,9.423738301837915,11.221621922124246,2.868533416636621,0.48482254929069646,0.2121098653146797,Mauritius,Mascarene,Indian
46.569993212981046,1.8839817940961063,15.275528060238699,12.471224214832258,0.19349002209635688,9.307888431372115,10.967829147251386,2.8005134777104286,0.3666126734457288,0.16293896597587948,Mauritius,Mascarene,Indian
45.3956235667964,1.9908588251689427,15.239670600785612,12.412317574927794,0.18190588250274603,10.762764714745808,10.96488236197108,2.405200001980753,0.4547647062568651,0.19201176486400973,Mauritius,Mascarene,Indian
45.04759022949852,2.1020197271634715,14.191147536017503,12.7510950567315,0.18103519181312197,12.018725234260042,10.449753571879652,2.464090110789716,0.5531630860956505,0.2413802557508293,Mauritius,Mascarene,Indian
46.56698227324052,1.4888557736961758,14.77789953756542,12.690680676289801,0.181077053557643,11.337435519970203,9.768101055803964,2.7966344938347083,0.27161558033646455,0.12071803570509532,Mauritius,Mascarene,Indian
46.684858035380465,1.8609564181308742,15.088835822682764,12.454574556794622,0.18106602987219314,10.18999379225176,10.330822926596799,2.7159904480828976,0.33195438809902084,0.16094758210861615,Mauritius,Mascarene,Indian
45.58358829986223,1.8463199581402343,14.25769301008292,12.792153977176287,0.1948893289148025,11.71387440108971,10.513766428298558,2.441245277985421,0.4308079902327213,0.22566132821713974,Mauritius,Mascarene,Indian
47.81315622562088,2.0304776118008014,12.948121052136768,11.485460892603266,0.1632544813508182,11.672695416583501,10.12177784375073,2.7753261829639095,0.6734247355721251,0.3163055576172103,Mauritius,Mascarene,Indian
49.14366596826206,2.7130756619868643,14.634165691929146,11.383138510179037,0.17470562974915416,7.029332396965966,10.441230577949447,3.0111029127354216,1.0893409854947258,0.380241664748159,Mauritius,Mascarene,Indian
47.4414529949816,3.3563180721276042,14.27979498785579,12.756321033100235,0.18531817576164689,7.402431576256896,9.904226949039128,2.934204449559409,1.2869317761225478,0.45299998519513685,Mauritius,Mascarene,Indian
48.126306031341,3.214562878928117,14.895506333886658,11.671183059261818,0.17403684376362416,6.992186134738547,9.848437864741554,3.061000957960213,1.4844319026897355,0.5323479926887327,Mauritius,Mascarene,Indian
47.42202077813138,3.0308457437282166,14.256200350129019,11.707483586745717,0.1734827530080124,8.286352673088592,10.674291743904764,2.7655191803041976,1.234789006704088,0.44901418425603207,Mauritius,Mascarene,Indian
47.98806532416566,2.966646545301224,14.270592864466233,11.634852212717313,0.18413668212214496,7.866728252884971,10.291194567493212,2.935957098280867,1.3707953002426347,0.49103115232571987,Mauritius,Mascarene,Indian
47.08348925045917,2.894936338413164,13.893655736820929,12.244693882398101,0.18348188060365125,9.326995597352274,10.305565627238412,2.6910675821868852,0.9989569055087679,0.3771571990186165,Mauritius,Mascarene,Indian
48.15222174063143,3.1367850557224664,14.130959562500554,12.437416510094812,0.18512174099345702,6.962634369587245,10.335963872134684,3.003086020560525,1.2135758576237738,0.4422352701510362,Mauritius,Mascarene,Indian
45.01683158216873,2.3870243802917472,13.281648474956645,11.210853820259105,0.16321534224217077,10.853820259104356,12.322758339283894,3.152096297051923,1.1731102723656022,0.4386412322758339,Mauritius,Mascarene,Indian
47.11993416992389,2.1600493725570873,13.155729273811973,10.059658506480147,0.16457519029006376,12.435712816292945,11.304258383048756,2.4171981073853117,0.8640197490228348,0.3188644311869986,Mauritius,Mascarene,Indian
46.79408996106137,2.0129753355493323,16.265649947554405,12.420399722682806,0.1719627171072294,7.991208618512426,10.600995736963318,3.1357907237200653,0.4046181578993633,0.20230907894968164,Mauritius,Mascarene,Indian
48.12653562653562,3.2145782145782147,14.895577395577394,11.67076167076167,0.17403767403767403,6.992219492219492,9.848484848484846,3.061015561015561,1.4844389844389843,0.5323505323505323,Mauritius,Mascarene,Indian
47.079808378350826,2.894710019366017,13.892569564774233,12.25155437773927,0.18346753643869124,9.326266435633473,10.304759963306491,2.690857201100805,0.9988788094995411,0.3771277137906431,Mauritius,Mascarene,Indian
46.94835680751174,1.9391712594407022,16.1053276178812,11.920800163298633,0.18371096142069812,8.358848744641763,11.247193304756072,2.7454582567870993,0.3776280873647684,0.173504796897326,Mauritius,Mascarene,Indian
47.81144781144781,2.030405060708091,12.947658402203855,11.488623609835729,0.16324864809713294,11.672278338945004,10.12141618202224,2.77522701765126,0.6734006734006733,0.316294255688195,Mauritius,Mascarene,Indian
47.37638748738648,1.7356205852674067,16.32694248234107,11.715438950554995,0.18163471241170534,8.435923309788093,10.787083753784056,2.9061553985872854,0.3834510595358224,0.1513622603430878,Mauritius,Mascarene,Indian
45.397972498243504,2.0375388939074575,14.56388637960454,12.87764729499147,0.19070561075981135,11.17133393556158,9.906654622101778,3.0613269095653926,0.5219311452373784,0.27100271002710036,Mauritius,Mascarene,Indian
45.236892615415705,2.0406101626426913,15.021719365592483,12.183048792807355,0.18183654914637842,11.16274371148601,10.647540155571269,2.7982624507526017,0.5152035559147389,0.21214264067077482,Mauritius,Mascarene,Indian
46.39319659829915,1.6308154077038517,14.907453726863432,12.556278139069535,0.19009504752376188,11.005502751375687,10.035017508754377,2.851425712856428,0.2801400700350175,0.1500750375187594,Mauritius,Mascarene,Indian
45.98796389167503,1.9157472417251755,14.553660982948848,12.357071213640925,0.18054162487462388,11.384152457372117,10.260782347041125,2.7883650952858576,0.38114343029087266,0.19057171514543633,Mauritius,Mascarene,Indian
45.79991980753809,1.7542101042502005,14.815557337610267,12.620288692862871,0.19045709703287894,11.216920609462711,9.84362469927827,3.087409783480353,0.4510825982357659,0.22052927024859667,Mauritius,Mascarene,Indian
45.68715642178911,1.7391304347826086,14.772613693153422,12.433783108445777,0.18990504747626188,11.874062968515743,10.144927536231885,2.688655672163918,0.31984007996002,0.14992503748125938,Mauritius,Mascarene,Indian
46.41371614081363,2.191336106320381,16.47560109566805,11.849447093436135,0.18261134219336506,7.811707416049507,11.281322917723442,3.043522369889418,0.5173988028812011,0.2333367150248554,Mauritius,Mascarene,Indian
45.97285067873303,1.8300653594771243,14.690799396681747,12.48868778280543,0.1910507792860734,11.59376571141277,9.974861739567622,2.7149321266968327,0.36199095022624433,0.18099547511312217,Mauritius,Mascarene,Indian
46.27675610491408,1.698321776705859,14.812581650085422,12.390714501055172,0.19093558436338057,11.476233544367402,9.988945834589488,2.7333936287810277,0.29142799718621243,0.14068937795196465,Mauritius,Mascarene,Indian
45.63165905631659,1.8873668188736683,14.622019279553527,12.876712328767123,0.19279553526128868,11.334348046676814,10.045662100456623,2.8209030948756975,0.3957382039573821,0.19279553526128868,Mauritius,Mascarene,Indian
45.67726260376593,2.632111763514881,15.691435513261792,12.067220085037455,0.19234662887224133,7.623000607410406,12.1583316460822,3.0066815144766146,0.6580279408787203,0.2935816966997367,Mauritius,Mascarene,Indian
45.28819762122598,2.4499339229439876,14.282809799735693,13.866016061807462,0.21347971942665445,10.165700925078786,10.53166615838162,2.632916539595405,0.35579953237775747,0.21347971942665445,Mauritius,Mascarene,Indian
46.35979816702709,2.1316033364226135,16.393780249201935,12.326227988878593,0.18535681186283595,7.970342910101946,11.265575120996807,2.770054577283493,0.39130882504376485,0.20595201318092887,Mauritius,Mascarene,Indian
47.10373612949202,2.3719841189046122,16.27812277308358,12.85757915097221,0.16288302962435103,6.423699480810344,10.943703552886085,3.1762190776748453,0.4682887101700092,0.21378397638196073,Mauritius,Mascarene,Indian
47.2168317842917,1.7260749668062507,14.053722806659177,11.561638239199265,0.18384230415687877,11.582065161883362,10.172607496680627,2.9312634051680115,0.35747114697170873,0.21448268818302524,Mauritius,Mascarene,Indian
45.27252502780868,2.1741328749115176,15.218930124380625,11.629082819294165,0.16179593487713623,9.252705025786227,12.38750126403074,3.003337041156841,0.5966225098594398,0.3033673778946304,Mauritius,Mascarene,Indian
45.98645042085814,1.7039622254157254,15.653869841921578,12.235680558406898,0.1642373229316362,9.156230753438718,11.81482241839458,2.7509751591049065,0.3592691439129542,0.17450215561486349,Mauritius,Mascarene,Indian
46.12497463988638,1.7549198620409818,15.45952525867316,11.726516534794076,0.17244877257050112,9.860012172854535,11.594643944004869,2.7388922702373706,0.34489754514100224,0.22316899979711913,Mauritius,Mascarene,Indian
46.61722876879317,2.031694433157253,16.26371393742381,11.93620479479886,0.15237708248679396,7.34457537586347,11.80414465664364,3.1491263713937423,0.4469727752945956,0.25396180414465663,Mauritius,Mascarene,Indian
45.77394097570769,1.7767516562939167,14.254165830154585,12.437261594057418,0.17064846416382254,11.212607910058221,10.6605099377635,2.9712909054406746,0.4416783778357759,0.30114434852439265,Mauritius,Mascarene,Indian
47.3047304730473,3.160316031603161,14.821482148214823,11.851185118511852,0.16001600160016002,7.540754075407541,10.641064106410642,2.8102810281028106,1.2401240124012403,0.47004700470047006,Mauritius,Mascarene,Indian
46.95530446955303,3.169683031696829,13.888611138886105,12.118788121187876,0.16998300169982997,9.609039096090386,10.208979102089788,2.5597440255974395,0.9299070092990698,0.3899610038996099,Mauritius,Mascarene,Indian
48.45484548454845,2.8902890289028904,15.101510151015098,11.3011301130113,0.16001600160016,6.770677067706769,10.54105410541054,3.17031703170317,1.18011801180118,0.43004300430042997,Mauritius,Mascarene,Indian
46.31463146314632,1.7101710171017102,14.691469146914693,12.111211121112111,0.16001600160016002,11.471147114711473,10.411041104110412,2.6602660266026605,0.3300330033003301,0.14001400140014003,Mauritius,Mascarene,Indian
46.33926785357072,2.2304460892178435,13.202640528105622,11.65233046609322,0.1600320064012803,12.062412482496502,10.682136427285457,2.4604920984196843,0.8501700340068015,0.3600720144028806,Mauritius,Mascarene,Indian
49.69777686712427,1.6801557217498204,17.067923368507326,8.43151316463477,0.1434279274664481,7.47874193217908,9.794078475566028,4.364306935764778,0.8708124167605777,0.47126319024690094,Rodrigues,Mascarene,Indian
48.41318591318593,1.9041769041769046,16.390253890253895,9.34684684684685,0.13308763308763313,9.019246519246522,9.254709254709256,3.521703521703522,1.617526617526618,0.3992628992628994,Rodrigues,Mascarene,Indian
48.94763599389933,1.8708693441789528,16.97000508388409,8.418912048805286,0.1626842907981698,9.049313675648195,9.557702084392474,3.1621759023894254,1.4743263853584136,0.38637519064565323,Rodrigues,Mascarene,Indian
49.0126582278481,1.5189873417721518,15.49367088607595,10.086075949367089,0.1620253164556962,10.42025316455696,8.516455696202533,3.0683544303797468,1.3569620253164558,0.36455696202531646,Rodrigues,Mascarene,Indian
48.46256001634486,1.7366431709061185,16.4163857390949,8.570844825824905,0.14301767289815095,9.49024415159873,10.593523342527323,2.9216467463479407,1.3178057002758194,0.3473286341812237,Rodrigues,Mascarene,Indian
50.690215184734065,1.7965895249695496,17.67153877385303,8.61753958587089,0.13195290296386522,6.049533089727975,8.790093382054406,4.455948030856679,1.2687779131140888,0.5278116118554609,Rodrigues,Mascarene,Indian
49.38907401797435,4.382510350398869,15.116631323841261,10.784610724023024,0.17166515197414925,4.291628799353731,8.61355144905584,4.2714328991214785,2.1508633747349286,0.8280319095223668,Pitcairn,Pitcairn-Gambier,Pacific
49.292071197411005,3.630663430420712,16.110436893203882,9.991909385113269,0.15169902912621358,5.6128640776699035,9.071601941747574,3.853155339805826,1.6686893203883495,0.6169093851132686,Pitcairn,Pitcairn-Gambier,Pacific
48.20903094875698,3.9167935058346024,15.920852359208526,13.272450532724509,0.2029426686960934,4.018264840182649,7.965499746321665,4.109589041095891,1.6539827498731612,0.7305936073059361,Pitcairn,Pitcairn-Gambier,Pacific
47.78725131952902,3.9078359723913922,15.651644336175394,13.20544051969143,0.1827040194884287,5.227365002030044,7.734470158343483,3.9382866423061302,1.664636622005684,0.7003654080389767,Pitcairn,Pitcairn-Gambier,Pacific
51.038645417637206,3.256426082478183,15.319820126597108,10.104008589522016,0.1476209571062424,5.805959423731598,9.184800650627583,3.7463004412747822,0.9450856351198004,0.4513326759054725,Pitcairn,Pitcairn-Gambier,Pacific
49.616609449891286,3.868576929865633,15.30504151969636,10.686595886108682,0.14864215197749084,5.300597020465143,8.892256316885067,3.965682668173356,1.5271345415345283,0.6888635154024718,Pitcairn,Pitcairn-Gambier,Pacific
49.184975194897234,3.6650804900273366,15.520907158043942,10.873747089197124,0.1619925078465121,5.7304849650703655,8.838716209375317,3.7562012756909993,1.6705477371671562,0.5973473726840133,Pitcairn,Pitcairn-Gambier,Pacific
49.523905996758494,4.335494327390599,15.457860615883302,11.324959481361423,0.18233387358184758,4.021474878444083,8.235413290113451,3.6973257698541317,2.3196920583468392,0.9015397082658021,Pitcairn,Pitcairn-Gambier,Pacific
46.29046990764235,4.841165127372374,15.812442910788594,13.894245407490105,0.19283466964376336,4.638181264589466,8.971886735004569,3.765350654622958,1.1164112453059984,0.4770120775398356,Pitcairn,Pitcairn-Gambier,Pacific
48.0568239472349,3.97767630644343,15.920852359208522,13.414510400811771,0.213089802130898,4.261796042617961,7.78285134449518,4.038559107052258,1.6032470826991374,0.730593607305936,Pitcairn,Pitcairn-Gambier,Pacific
48.22407144306881,3.907042825248631,15.892023543738585,13.192612137203167,0.2029632636492795,4.5971179216561815,8.22001217779582,3.6025979297747113,1.4308910087274205,0.7306677491374062,Pitcairn,Pitcairn-Gambier,Pacific
47.41,3.71,13.919999999999998,11.64,0.15,10.05,8.06,3.02,1.48,0.56,Pitcairn,Pitcairn-Gambier,Pacific
49.15508449155084,3.5596440355964405,14.98850114988501,10.55894410558944,0.11998800119987998,6.879312068793119,8.729127087291271,3.4696530346965306,1.8698130186981303,0.6699330066993301,Pitcairn,Pitcairn-Gambier,Pacific
47.96999999999999,3.7699999999999996,14.239999999999997,11.339999999999998,0.15,8.889999999999999,8.339999999999998,3.169999999999999,1.5499999999999998,0.5799999999999998,Pitcairn,Pitcairn-Gambier,Pacific
48.95,3.4799999999999995,14.96,10.94,0.15,7.200000000000001,8.17,3.53,1.82,0.8,Pitcairn,Pitcairn-Gambier,Pacific
49.27,4.08,16.17,10.21,0.15,4.53,9.13,3.7699999999999996,1.95,0.74,Pitcairn,Pitcairn-Gambier,Pacific
46.28,4.86,15.75,13.570000000000002,0.17,5.23,9.29,3.3300000000000005,1.07,0.45000000000000007,Pitcairn,Pitcairn-Gambier,Pacific
48.22517748225177,3.8496150384961507,15.728427157284273,12.988701129887012,0.16998300169983005,4.969503049695031,7.919208079192082,3.8496150384961507,1.5798420157984203,0.7199280071992801,Pitcairn,Pitcairn-Gambier,Pacific
48.56476316056395,3.8036311999188555,15.143523683943606,11.147175169895526,0.17243128106298813,6.633532812658484,8.560705953950704,3.7326300841870372,1.6634547114311795,0.578151942387666,Pitcairn,Pitcairn-Gambier,Pacific
47.99878407133447,3.6173877799169105,15.259904752254533,11.56145506130307,0.17225656094842437,7.184111865437226,8.937075691559428,3.283007396899382,1.4489816597426282,0.5370351606039112,Pitcairn,Pitcairn-Gambier,Pacific
49.26202992317024,3.305701577031945,14.921148402749695,10.503437120905783,0.15163768701981398,7.854832187626363,7.905378083299635,3.750505458956733,1.718560452891225,0.6267691063485644,Pitcairn,Pitcairn-Gambier,Pacific
48.74962033005974,3.5942087678444876,15.470284499341908,10.651007390908172,0.16199250784651212,6.469575782120078,8.798218082413689,3.887820188316291,1.6098005467247143,0.6074719044244205,Pitcairn,Pitcairn-Gambier,Pacific
46.892083417695886,2.8042113788216234,13.51488155497064,11.662279813727473,0.17209961530674225,12.057096578254706,8.41263413646487,3.057299048390362,0.9921036647094552,0.43531079165823033,Pitcairn,Pitcairn-Gambier,Pacific
47.052269043760134,2.7755267423014587,13.411669367909237,11.679497568881684,0.17220421393841168,12.185980551053484,8.316450567260942,2.978119935170178,1.002836304700162,0.4254457050243111,Pitcairn,Pitcairn-Gambier,Pacific
49.737267582861755,3.375101050929668,15.299110751818917,10.41835084882781,0.16168148746968472,6.335893290218269,7.952708164915117,4.082457558609539,1.899757477768795,0.7376717865804364,Pitcairn,Pitcairn-Gambier,Pacific
48.2271665142741,3.809814081072843,14.650005079752107,11.114497612516509,0.162552067459108,8.188560398252564,8.24951742354973,3.3627958955602963,1.6153611703748856,0.6197297571878492,Pitcairn,Pitcairn-Gambier,Pacific
49.276681841173485,4.127465857359635,16.00404653515427,10.581689428426907,0.17197774405665148,4.501770359129994,8.548305513404145,3.9656044511886686,2.0232675771370756,0.799190692969145,Pitcairn,Pitcairn-Gambier,Pacific
49.20092471605187,3.42748014875867,14.202432405266865,10.433209367775659,0.13066639863302848,7.779676349381849,8.010855362347975,3.4676851944919096,2.5429691426274,0.8041009146647906,Gough,Gough,Atlantic
48.58466289243439,3.571796191456511,13.896037056098818,10.808028821410192,0.14410705095213588,8.986103962943902,7.6788471435923835,2.8203808543489455,2.707153885743695,0.8028821410190429,Gough,Gough,Atlantic
49.104859335038356,3.437340153452685,13.810741687979538,10.63938618925831,0.13299232736572889,8.562659846547312,8.276214833759589,2.905370843989769,2.363171355498721,0.7672634271099743,Gough,Gough,Atlantic
50.25074199160782,3.172653771364241,13.918739125985056,10.050148398321564,0.1330467710572101,8.197727970525023,7.726947088322586,3.1931225053730423,2.599529219117797,0.7573431583256576,Gough,Gough,Atlantic
49.81000308103112,3.4199445414398686,13.761938995583856,11.707918249974325,0.14378145219266716,8.216082982438122,7.918249974324739,2.7113073842045807,1.715107322583958,0.5956660162267639,Gough,Gough,Atlantic
50.70451506736604,3.0443278823408413,13.884603517432891,10.140903013473208,0.13370358942713156,8.083924714594263,8.207343412526999,3.1163221228016047,2.12897253933971,0.5553841406973158,Gough,Gough,Atlantic
49.43357363542739,3.3676622039134907,14.212152420185376,10.401647785787846,0.13388259526261587,8.135942327497425,8.032955715756952,2.9866117404737382,2.512873326467559,0.7826982492276005,Gough,Gough,Atlantic
47.823860727086526,2.816180235535074,11.674347158218124,11.162314388120837,0.15360983102918582,13.312852022529439,8.673835125448027,2.0890937019969273,1.8023553507424472,0.49155145929339467,Gough,Gough,Atlantic
47.67763764995386,3.650158925458833,13.636829693427662,11.27858094945145,0.14354557572029122,9.422741720496257,8.69476058648621,2.7273659386855327,2.030144570901261,0.7382343894186404,Gough,Gough,Atlantic
47.21425645227366,3.0929946743138057,12.392462105694387,11.777959852519459,0.15362556329373206,12.392462105694387,7.978287587054486,2.242933224088488,2.2122081114297423,0.5428103236378534,Gough,Gough,Atlantic
48.63036564181025,3.455449178310446,15.295444156933005,10.49370319594088,0.10163085818560137,8.648786031594675,8.130468654848109,2.9472948873824394,2.0021279062563466,0.29472948873824395,Gough,Gough,Atlantic
47.69339957416609,2.7273648991179162,11.892933184629426,11.244043394504716,0.16222244753117715,12.521545168812736,8.830984487478458,2.4130589070262602,1.946669370374126,0.5677785663591202,Gough,Gough,Atlantic
47.68858898177057,2.8603081881357637,11.481518783361869,11.270017121563097,0.1712156309799577,12.690099707926276,9.215429549803606,2.3869473260147043,1.7826568637325007,0.4532178467116527,Gough,Gough,Atlantic
48.9752435064935,3.5612824675324664,13.75811688311688,10.480925324675324,0.14204545454545453,8.664772727272725,7.812499999999998,2.972808441558441,2.810470779220779,0.8218344155844154,Gough,Gough,Atlantic
47.299833914297345,3.0512707803097983,14.547472811173986,10.793992641649904,0.12328366789130496,11.00306735929897,9.12299142395657,2.527315191771752,1.4896776536866017,0.04109455596376833,Gough,Gough,Atlantic
49.53058198869471,3.1102247229554663,16.36160562727387,9.651517656948373,0.13170332703068752,7.344993238249881,7.6793170684047025,3.3938934273292554,2.644197565769957,0.15196537734310098,Gough,Gough,Atlantic
49.247833660226505,3.117079189063906,17.40117023021113,10.462152485012195,0.08070107932851538,6.314859457456327,6.8091535683434845,3.712249649111707,2.542083998848234,0.31271668239799705,Gough,Gough,Atlantic
49.515592556390416,3.4159170299904957,14.58606708058256,9.604901859183292,0.24327005554828454,7.59205298356938,9.00099205528653,3.608505823966221,1.7941166596685987,0.6385838958142469,Gough,Gough,Atlantic
48.21454466372134,3.700946812609654,12.08430699586909,12.802830484122287,0.0920124898162621,10.04980860993174,8.035757443953557,2.3309830753453062,2.0038275559985967,0.6849818686321735,Gough,Gough,Atlantic
50.14603686171819,3.1825964346862716,14.603686171819918,10.081579212408096,0.1410011078658475,7.45291570148051,7.724846409507502,3.1120958807533476,2.7797361264981357,0.7755060932621612,Gough,Gough,Atlantic
50.72681704260652,3.1578947368421053,15.07769423558897,9.984962406015038,0.13032581453634087,6.646616541353384,7.1378446115288225,3.7192982456140347,2.6566416040100247,0.7619047619047619,Gough,Gough,Atlantic
47.132345529684514,2.882773913919968,11.762927124281827,11.732688237072878,0.16127406511440381,12.982562241709505,8.648321741759904,2.2376776534623533,1.8949702650942444,0.5644592279004134,Gough,Gough,Atlantic
51.02917665867306,3.0075939248601116,15.197841726618705,9.752198241406873,0.11990407673860909,6.444844124700238,7.244204636290966,3.607114308553157,2.697841726618705,0.8992805755395683,Gough,Gough,Atlantic
47.82390693943041,2.747693541917369,12.023666265543524,10.780184516646612,0.16044925792218212,12.154031287605294,9.14560770156438,2.9181708784596876,1.8050541516245486,0.4412354592860008,Gough,Gough,Atlantic
49.96984924623115,3.115577889447236,15.065326633165826,10.29145728643216,0.15075376884422106,6.180904522613065,7.778894472361808,3.668341708542713,3.135678391959799,0.64321608040201,Gough,Gough,Atlantic
49.77955911823646,3.256513026052104,15.120240480961922,10.591182364729459,0.1503006012024048,6.082164328657314,9.609218436873746,2.935871743486974,1.923847695390781,0.5511022044088176,Gough,Gough,Atlantic
47.58993887163042,2.9962922136486623,12.7066840364766,10.90289608177172,0.16033670708487824,11.383906203026354,8.788455757089887,2.6756187994789054,2.174566589838661,0.6213047399539031,Gough,Gough,Atlantic
48.84349654550916,2.8336837889256032,12.27595874637028,11.15450085110644,0.16020827075197758,11.014318614198459,8.400921197556825,2.893761890457595,1.9325122659457294,0.4906378291779313,Gough,Gough,Atlantic
48.00478128828539,3.3189980777570036,15.619406105323112,10.829584977595152,0.14080597905635775,8.418186033583673,8.760143411291972,2.906637710520528,1.7097868885414869,0.2916695280453125,Gough,Gough,Atlantic
50.503038151210276,3.097918119334595,14.573164657834447,9.73204502440482,0.1294949696184879,7.20191254108975,7.301524056180894,3.9944217551548955,2.6695886044426738,0.7968921207291563,Gough,Gough,Atlantic
48.57574232511323,2.949169602415702,12.783090085556111,10.457976849521893,0.15098137896326116,10.759939607448413,8.565676899849016,3.0498238550578756,2.174131857070961,0.5334675390035228,Gough,Gough,Atlantic
48.59345279807789,2.592852137351086,11.15226749424367,10.942036239863851,0.16017619381319453,12.263489838822707,9.430373410751828,2.783061367504255,1.6217839623585948,0.4605065572129343,Gough,Gough,Atlantic
48.85143946233323,3.1096398836392822,12.558932691343164,11.746413883037416,0.16049754238138228,10.311967098003812,7.20232721436453,3.3002307152171735,2.186779014946334,0.5717724947336743,Gough,Gough,Atlantic
49.404225493141084,3.003905076599579,14.198457995394012,10.103134074296586,0.1401822369079804,8.110543706818865,9.011715229798737,3.3343346350255336,2.132772604385701,0.5607289476319216,Gough,Gough,Atlantic
49.359365466748024,3.274354281065691,14.612568639414278,10.921293471629044,0.1525320317266626,7.6266015863331305,8.074028879398009,3.1014846451088065,2.2676428716697177,0.6101281269066504,Gough,Gough,Atlantic
49.74093264248703,2.9693104822638494,15.21522518931845,10.113591072140292,0.14946193702670382,7.014746911119967,8.589079314467913,3.4376245516141877,2.182144280589876,0.5878836189717016,Gough,Gough,Atlantic
50.25963650888755,2.995805871779509,15.028959456760536,9.746355102856,0.1398042740163771,6.640703015777912,8.328340323547035,3.59496704613541,2.6263231475933693,0.6391052526462951,Gough,Gough,Atlantic
48.59417514864456,3.3054519802479088,15.902448856192683,10.26907185327018,0.1511639625113373,6.469817595485236,10.067519903255064,3.0535120427290128,1.6527259901239544,0.5341126675400585,Gough,Gough,Atlantic
50.23446074029733,3.072932255811634,14.277162526189766,10.146662675845556,0.13967873890052881,7.083707472812531,9.148957397984637,3.232565100269381,2.105158136286541,0.5587149556021153,Gough,Gough,Atlantic
48.657650383528456,2.846184901090028,11.667339523617278,11.314089624545822,0.17157852240613647,11.586596689543802,8.942268873637463,2.503027856277755,1.8167137666532094,0.49454985870004026,Gough,Gough,Atlantic
47.607173492389634,2.892537253884977,13.166031638372996,11.450457818827427,0.16756767539747452,10.482953978734864,10.153803187775539,2.7329489916016683,1.0074009056633886,0.3391250573520318,Savai^I,Samoa,Pacific
44.912385503783355,3.6837913181999213,11.91756272401434,11.937475109518122,0.16925527678215854,12.126642771804065,10.513739545997613,2.6184786937475115,1.7622461170848271,0.3584229390681004,Savai^I,Samoa,Pacific
45.945405459454065,3.3096690330966902,13.26867313268673,12.078792120787922,0.16998300169983005,9.85901409859014,10.538946105389462,2.9097090290970904,1.38986101389861,0.5299470052994701,Savai^I,Samoa,Pacific
46.30000000000001,2.960000000000001,12.840000000000003,11.910000000000004,0.17000000000000007,11.860000000000003,9.910000000000004,2.240000000000001,1.3500000000000005,0.4600000000000002,Savai^I,Samoa,Pacific
45.449999999999996,3.49,12.8,13.059999999999999,0.17999999999999997,13.939999999999998,7.809999999999999,1.4099999999999997,1.4199999999999997,0.43999999999999995,Savai^I,Samoa,Pacific
47.15528447155284,3.3496650334966502,16.42835716428357,11.77882211778822,0.16998300169983002,6.6193380661933805,8.449155084491549,3.77962203779622,1.7498250174982501,0.51994800519948,Savai^I,Samoa,Pacific
47.94520547945205,2.6997300269973,14.918508149185078,10.658934106589339,0.16998300169983,8.22917708229177,10.868913108689128,2.86971302869713,1.2798720127987198,0.35996400359964,Savai^I,Samoa,Pacific
48.25,2.72,13.930000000000001,11.29,0.16,9.34,10.35,2.73,0.9399999999999998,0.29,Savai^I,Samoa,Pacific
48.764876487648756,2.96029602960296,14.18141814181418,10.481048104810482,0.14001400140014,9.08090809080908,8.050805080508052,3.7203720372037203,2.06020602060206,0.56005600560056,Savai^I,Samoa,Pacific
45.46,3.09,11.8,11.6,0.17,13.54,9.81,2.54,1.55,0.44,Savai^I,Samoa,Pacific
45.56544345565444,3.1596840315968406,11.998800119988003,11.788821117888212,0.16998300169983005,13.088691130886913,10.068993100689932,3.2096790320967905,0.48995100489951005,0.4599540045995401,Savai^I,Samoa,Pacific
45.93,3.12,11.92,11.59,0.16,13.209999999999999,10.05,3.1,0.48,0.44,Savai^I,Samoa,Pacific
47.244724472447245,2.5702570257025705,14.481448144814483,11.86118611861186,0.16001600160016002,9.62096209620962,10.191019101910191,2.6402640264026407,0.9600960096009602,0.2700270027002701,Savai^I,Samoa,Pacific
45.84,3.04,11.94,11.34,0.16,13.239999999999998,9.7,2.69,1.6099999999999999,0.44,Savai^I,Samoa,Pacific
46.825317468253175,3.1096890310968908,14.698530146985304,11.85881411858814,0.15998400159984003,10.158984101589843,9.179082091790821,2.6197380261973806,1.0798920107989203,0.30996900309969005,Savai^I,Samoa,Pacific
46.32536746325368,3.369663033696631,12.6987301269873,11.24887511248875,0.14998500149985003,11.008899110088992,9.25907409259074,3.27967203279672,2.099790020997901,0.5599440055994401,Savai^I,Samoa,Pacific
44.62,3.3000000000000003,12.4,11.46,0.16,11.92,10.48,3.04,1.91,0.71,Savai^I,Samoa,Pacific
45.500899820036,3.239352129574086,12.6374725054989,11.79764047190562,0.14997000599880025,12.0375924815037,9.068186362727456,3.2493501299740055,1.7996400719856032,0.5198960207958409,Savai^I,Samoa,Pacific
48.64,3.01,14.2,10.58,0.14,8.98,8.07,3.73,2.09,0.56,Savai^I,Samoa,Pacific
45.39,3.83,11.84,12.11,0.15,12.75,9.07,2.62,1.8799999999999997,0.36,Savai^I,Samoa,Pacific
48.05480548054804,2.73027302730273,14.251425142514249,10.911091109110908,0.15001500150014999,9.760976097609758,8.57085708570857,3.280328032803279,1.6801680168016797,0.6100610061006099,Savai^I,Samoa,Pacific
45.88541145885411,3.1296870312968696,12.378762123787618,11.22887711228877,0.15998400159983997,12.30876912308769,9.509049095090488,3.1496850314968494,1.7798220177982198,0.46995300469952994,Savai^I,Samoa,Pacific
48.3,2.94,13.320000000000002,11.29,0.15,10.16,9.44,2.84,1.23,0.33,Savai^I,Samoa,Pacific
47.32526747325267,2.6997300269973006,12.468753124687533,11.708829117088293,0.15998400159984003,12.03879612038796,9.44905509449055,2.8797120287971203,0.9599040095990401,0.30996900309969005,Savai^I,Samoa,Pacific
46.04539546045396,2.829717028297171,11.758824117588244,11.978802119788025,0.15998400159984005,13.748625137486254,9.279072092790724,2.659734026597341,1.1898810118988103,0.3499650034996501,Savai^I,Samoa,Pacific
44.71552844715528,3.66963303669633,11.44885511448855,12.41875812418758,0.15998400159984,14.058594140585942,9.129087091290872,2.4497550244975503,1.55984401559844,0.38996100389961,Savai^I,Samoa,Pacific
45.944594459445945,3.2703270327032707,12.59125912591259,12.37123712371237,0.17001700170017003,11.95119511951195,9.79097909790979,2.32023202320232,1.3201320132013203,0.2700270027002701,Savai^I,Samoa,Pacific
45.83458345834583,3.0403040304030404,11.981198119811982,11.45114511451145,0.15001500150015,13.331333133313333,9.24092409240924,2.8602860286028604,1.5901590159015906,0.5200520052005201,Savai^I,Samoa,Pacific
50.31214819363422,3.582028451540272,12.88506805854058,9.968273462286358,0.13304677105721013,8.15679050250742,8.361477842595436,2.916794596254222,3.1624194043598406,0.5219527172244397,Savai^I,Samoa,Pacific
46.71635777598711,4.0290088638195005,10.07252215954875,11.865431103948428,0.1813053988718775,12.248186946011282,11.160354552780017,2.1051571313456887,1.1381950040290088,0.48348106365834,Savai^I,Samoa,Pacific
51.4880032952322,3.398208217485325,13.839975285758415,8.093914118010503,0.12357120790855729,6.5595716198125835,9.906291834002676,3.243744207599629,2.811244979919678,0.535475234270415,Savai^I,Samoa,Pacific
48.08961792358472,2.8905781156231254,13.602720544108823,10.572114422884578,0.15003000600120026,10.47209441888378,8.411682336467294,3.3806761352270454,1.890378075615123,0.5401080216043209,Savai^I,Samoa,Pacific
43.85352562029751,3.361498105456219,11.63899786961104,12.735623675677857,0.18343599003801306,14.03319160268607,11.111994422269053,1.873423008121581,0.7339762982637805,0.47433340757888326,Savai^I,Samoa,Pacific
43.92990245239914,3.316485731318726,11.513069466003877,12.617216274023365,0.18059455034133298,14.012237961658776,10.96518772974292,2.2893074545089003,0.6967725679537374,0.47922581204922654,Savai^I,Samoa,Pacific
45.80632292809414,2.7625411389249024,12.615936970180512,11.21970679166251,0.15956916325920015,13.23426747780991,9.404607559589108,2.8024334297397027,1.4859878328513014,0.5086267078887005,Savai^I,Samoa,Pacific
44.79374068256177,4.012126427006313,14.12748756841126,11.946331555724536,0.17709385974566522,7.423934685383254,11.696198985462296,3.4718400752398777,1.5208060271944133,0.8304401332706334,Upolu,Samoa,Pacific
43.99586440882125,4.155666864077572,12.145789626893388,12.49711412023328,0.17365467813657487,11.272497314877086,9.987653453519767,3.0916555413910443,2.027644218704516,0.6524597733455125,Upolu,Samoa,Pacific
42.07196992301724,4.346442282827077,11.567305205784647,12.999542479759702,0.18101887768295835,12.124286367886057,9.965984364743091,3.7795150285452843,1.9593801595353184,1.004555310218615,Upolu,Samoa,Pacific
42.84253578732106,4.427402862985685,12.065439672801636,13.29243353783231,0.17382413087934562,11.656441717791411,10.408997955010225,2.658486707566462,1.8302658486707566,0.6441717791411044,Upolu,Samoa,Pacific
45.45545445455454,3.9096090390960905,13.208679132086793,13.08869113088691,0.18998100189981,8.969103089691032,11.26887311268873,2.04979502049795,1.51984801519848,0.33996600339966004,Upolu,Samoa,Pacific
45.65,2.92,13.98,12.82,0.18,10.24,10.27,2.59,0.91,0.44,Upolu,Samoa,Pacific
41.85418541854185,4.520452045204521,11.79117911791179,13.481348134813482,0.17001700170017003,11.141114111411142,10.911091109110911,3.56035603560356,1.8501850185018505,0.7200720072007201,Upolu,Samoa,Pacific
44.11441144114411,3.6203620362036197,12.63126312631263,12.32123212321232,0.17001700170017,11.04110411041104,10.83108310831083,3.1503150315031503,1.4001400140014,0.72007200720072,Upolu,Samoa,Pacific
40.82882515055629,4.406279149911521,10.914636426386338,13.450975596692057,0.16169831742794571,12.733742497450725,10.409329184424006,4.426491439590015,1.7988937813858963,0.8691284561752083,Upolu,Samoa,Pacific
47.692307692307686,3.897435897435897,13.948717948717945,12.789743589743589,0.1846153846153846,6.871794871794871,10.656410256410256,2.8,0.9743589743589742,0.1846153846153846,Upolu,Samoa,Pacific
48.24482448244824,3.7903790379037896,13.88138813881388,12.04120412041204,0.17001700170017,7.15071507150715,10.64106410641064,2.59025902590259,1.000100010001,0.49004900490049,Upolu,Samoa,Pacific
47.23527647235276,3.999600039996,14.318568143185677,12.838716128387158,0.17998200179982,6.97930206979302,9.949005099490048,2.76972302769723,1.18988101189881,0.5399460053994599,Upolu,Samoa,Pacific
47.53475347534753,3.88038803880388,14.001400140014,12.5012501250125,0.17001700170017,7.45074507450745,10.26102610261026,2.75027502750275,0.97009700970097,0.48004800480048,Upolu,Samoa,Pacific
46.005399460053994,2.9597040295970407,13.86861313868613,12.668733126687332,0.17998200179982002,9.999000099990003,10.768923107689233,2.1597840215978406,0.9399060093990601,0.4499550044995501,Upolu,Samoa,Pacific
44.6844684468447,4.530453045304532,12.021202120212022,12.551255125512553,0.16001600160016005,11.631163116311633,9.960996099609964,2.210221022102211,1.6601660166016603,0.5900590059005901,Upolu,Samoa,Pacific
47.2,3.9900000000000007,12.21,12.32,0.15,10.57,8.99,2.67,1.54,0.36,Upolu,Samoa,Pacific
45.12548745125488,3.9596040395960403,11.668833116688331,12.32876712328767,0.15998400159984,11.93880611938806,9.86901309869013,2.8797120287971203,1.50984901509849,0.55994400559944,Upolu,Samoa,Pacific
45.29,3.45,12.26,12.61,0.17,11.51,10.45,2.52,1.19,0.55,Upolu,Samoa,Pacific
41.635836416358366,5.819418058194181,11.94880511948805,14.388561143885612,0.17998200179982002,11.668833116688331,10.258974102589741,2.2897710228977104,1.1998800119988,0.6099390060993901,Upolu,Samoa,Pacific
42.25422542254225,5.630563056305629,11.581158115811578,13.921392139213918,0.16001600160015997,11.441144114411438,9.9009900990099,2.8702870287028697,1.6501650165016497,0.5900590059005899,Upolu,Samoa,Pacific
42.104210421042104,5.67056705670567,11.74117411741174,14.02140214021402,0.17001700170017,11.45114511451145,10.031003100310029,2.69026902690269,1.54015401540154,0.58005800580058,Upolu,Samoa,Pacific
44.64107178564287,4.309138172365526,12.1375724855029,13.137372525494904,0.15996800639872027,12.34753049390122,9.668066386722655,1.9896020795840832,1.269746050789842,0.3399320135972806,Upolu,Samoa,Pacific
48.36516348365163,3.33966603339666,13.62863713628637,11.298870112988702,0.13998600139986,8.11918808119188,9.00909909009099,3.4996500349965003,1.9198080191980798,0.6799320067993201,Upolu,Samoa,Pacific
41.584158415841586,6.580658065806581,11.141114111411142,14.551455145514552,0.17001700170017003,11.77117711771177,9.970997099709972,2.42024202420242,1.39013901390139,0.42004200420042004,Upolu,Samoa,Pacific
41.745825417458256,4.4495550444955505,11.838816118388161,13.338666133386662,0.17998200179982002,11.058894110588941,10.918908109189081,3.91960803919608,1.8598140185981402,0.68993100689931,Upolu,Samoa,Pacific
41.72219374679651,4.387493593029215,11.378780112762685,13.56227575602255,0.18452075858534084,12.198872373141977,10.056381342901076,3.5879036391594052,1.9067145053818555,1.0148641722193745,Upolu,Samoa,Pacific
41.389728096676734,4.431017119838872,11.077542799597179,12.990936555891238,0.2014098690835851,12.185297079556896,10.574018126888216,4.431017119838872,1.8126888217522656,0.9063444108761328,Upolu,Samoa,Pacific
47.25274725274725,3.4965034965034962,13.286713286713287,12.487512487512486,0.1998001998001998,8.79120879120879,10.38961038961039,2.697302697302697,0.899100899100899,0.4995004995004995,Upolu,Samoa,Pacific
48.1,3.4000000000000004,13.699999999999998,12.3,0.2,7.5,10.7,2.8,0.8,0.5,Upolu,Samoa,Pacific
45.854145854145855,3.796203796203796,13.386613386613389,12.78721278721279,0.19980019980019983,8.691308691308691,10.68931068931069,2.997002997002997,1.098901098901099,0.4995004995004995,Upolu,Samoa,Pacific
41.862492942085794,4.216880386605228,11.435607828081972,13.314008517485759,0.14294509785102466,12.048229676014936,9.94489466477843,4.380246212720684,1.960389913385481,0.6943047609906913,Upolu,Samoa,Pacific
44.42883644014707,3.0462596283563252,12.043352019083148,12.761601340759057,0.18216834986848457,12.144556657898972,10.727691714477425,3.1272233394089852,1.1436124186188197,0.39469809138171663,Upolu,Samoa,Pacific
47.37216631086713,3.0395445765985567,11.995527091592965,12.656297651723087,0.16265121480126055,10.572328962081935,10.35884924265528,2.7142421469960354,0.7217647656805936,0.40662803700315137,Upolu,Samoa,Pacific
47.50496549747118,3.61406310788951,14.026250588692998,12.367672051927842,0.15357208673751457,7.473841554559043,10.606712124004341,2.87691709154944,0.9255277760714213,0.4504781210967095,Upolu,Samoa,Pacific
46.224024328433856,3.9837810440952865,11.251900658895082,12.76229092752154,0.15205271160669032,12.265585402939685,9.934110491637101,1.895590471363406,0.983274201723264,0.5473897617840852,Upolu,Samoa,Pacific
46.54255319148936,3.344926350245499,11.25204582651391,12.776186579378068,0.14320785597381344,12.581833060556466,9.615384615384617,2.3731587561374794,0.8899345335515547,0.4807692307692307,Upolu,Samoa,Pacific
46.6,3.54,12.41,12.35,0.19,10.13,10.98,2.43,0.9199999999999999,0.45000000000000007,Manua Islands,Samoa,Pacific
46.71934386877376,3.3806761352270454,11.272254450890179,11.63232646529306,0.1800360072014403,12.422484496899381,10.9121824364873,2.2304460892178435,0.8601720344068815,0.39007801560312066,Manua Islands,Samoa,Pacific
47.92520747925207,3.7996200379962,12.80871912808719,11.298870112988702,0.16998300169983002,8.35916408359164,11.668833116688331,2.66973302669733,0.86991300869913,0.42995700429956996,Manua Islands,Samoa,Pacific
44.84582995789452,4.950643583665877,11.041435386600257,12.781661616010078,0.1800234030423955,9.811275465810555,12.42161480992529,2.240291237860922,1.1401482192685048,0.5870763199215897,Manua Islands,Samoa,Pacific
46.24537546245375,3.2396760323967606,10.83891610838916,12.47875212478752,0.18998100189981,13.258674132586739,10.32896710328967,2.22977702229777,0.8199180081991799,0.36996300369963003,Manua Islands,Samoa,Pacific
47.14471447144714,3.52035203520352,12.12121212121212,12.07120712071207,0.18001800180018,9.73097309730973,11.43114311431143,2.55025502550255,0.8600860086008599,0.39003900390039,Manua Islands,Samoa,Pacific
46.500699860027986,4.399120175964806,14.46710657868426,12.147570485902817,0.17996400719856023,7.19856028794241,10.507898420315934,2.9294141171765644,1.1497700459908013,0.5198960207958407,Manua Islands,Samoa,Pacific
47.48525147485251,3.84961503849615,13.438656134386559,12.38876112388761,0.17998200179982002,6.76932306769323,11.838816118388161,2.70972902709729,0.91990800919908,0.41995800419957996,Manua Islands,Samoa,Pacific
46.405359464053596,3.569643035696431,11.798820117988203,12.068793120687934,0.17998200179982002,11.518848115188481,10.858914108589142,2.3597640235976405,0.8299170082991701,0.40995900409959,Manua Islands,Samoa,Pacific
48.02480248024802,3.6803680368036793,13.501350135013498,12.101210121012098,0.18001800180017996,6.6706670667066685,11.711171117111709,2.7802780278027797,0.9300930093009299,0.4200420042004199,Manua Islands,Samoa,Pacific
46.555344465553446,3.5096490350964906,12.188781121887812,12.458754124587543,0.18998100189981004,10.378962103789622,10.77892210778922,2.6597340265973406,0.8499150084991502,0.42995700429957007,Manua Islands,Samoa,Pacific
46.13461346134614,3.3303330333033307,11.751175117511751,12.52125212521252,0.18001800180018002,12.191219121912193,10.171017101710172,2.4402440244024404,0.8700870087008702,0.41004100410041006,Manua Islands,Samoa,Pacific
46.95,3.55,12.26,12.02,0.18,9.82,11.42,2.53,0.8699999999999999,0.4,Manua Islands,Samoa,Pacific
42.51279739383571,5.753220239750831,14.340553651612803,13.644670628868505,0.21694051989663005,6.866990772061972,11.140860858959504,3.210649799865021,1.5478674230907505,0.7654487120582792,Manua Islands,Samoa,Pacific
44.97269836190171,3.8302298137888275,9.750585035102107,13.510810648638918,0.18701122067324039,14.740884453067185,9.790587435246113,1.7201032061923713,1.0800648038882334,0.41702502150129,Manua Islands,Samoa,Pacific
45.710914218284366,4.96009920198404,12.4602492049841,12.360247204944098,0.18000360007200142,8.710174203484069,11.41022820456409,2.2800456009120182,1.390027800556011,0.5380107602152043,Manua Islands,Samoa,Pacific
44.84403596323669,4.950445540098609,11.040993689432048,12.781150303527317,0.18401656149053414,9.810882979468152,12.421117900611055,2.2402016181456332,1.1401026092348312,0.5870528347551279,Manua Islands,Samoa,Pacific
44.5633155026746,5.359196120581913,11.648252762085686,14.587811828225766,0.19297105434184875,8.658701194820777,11.308303754436835,2.229665550167475,0.9698545218217267,0.48192771084337344,Manua Islands,Samoa,Pacific
44.71776411179441,4.309784510774461,11.509424528773561,13.699315034248288,0.18999050047497626,11.099445027748613,11.27943602819859,1.7699115044247788,0.9699515024248787,0.4549772511374432,Manua Islands,Samoa,Pacific
44.22955770442296,3.8899611003889967,10.51989480105199,14.299857001429988,0.20099799002009983,14.599854001459986,9.35990640093599,1.6099839001609988,0.9099909000909993,0.37999620003799967,Manua Islands,Samoa,Pacific
45.01045010450105,4.880048800488005,11.780117801178012,12.310123101231014,0.1660016600166002,10.890108901089011,10.480104801048011,2.8200282002820027,1.1400114001140011,0.5230052300523006,Manua Islands,Samoa,Pacific
45.154063865747915,5.420487843905952,12.201098098828894,13.95125561300517,0.19101719154723926,6.920622856057045,11.801062095588604,2.650238521466932,1.1401026092348312,0.5700513046174156,Manua Islands,Samoa,Pacific
46.794556639683,4.2909381007123155,14.769753840749717,12.690060915293413,0.17244904896479754,6.928394143703335,9.971612654846822,2.840337277067253,0.9636858618621038,0.5782115171172622,Manua Islands,Samoa,Pacific
45.482330839549476,3.6000507130524104,11.976506738351823,12.787503852814838,0.19267877055773464,11.510021293843623,10.080141996546748,2.7989126670491977,1.0952266958018602,0.47662643243229097,Manua Islands,Samoa,Pacific
47.08372749996099,4.26472054195826,13.542003616644715,11.835492871933956,0.16169556557187717,7.336936287823927,11.541020992692735,2.6376589133912467,1.0813390947619288,0.5154046152603586,Manua Islands,Samoa,Pacific
46.80472309923673,3.615205342444842,12.907095478223019,12.524216798258786,0.18279128135957065,8.063126522194395,12.186085423971377,2.355976515301133,0.9545766915444245,0.40620284746571256,Manua Islands,Samoa,Pacific
47.01136762546525,4.021236863867654,14.129483145111035,11.26203239809258,0.16044835367052984,6.8892511857283765,12.053682569498553,2.8078461892342723,1.143194519902525,0.521457149429222,Manua Islands,Samoa,Pacific
46.31937889369429,3.4640777567556196,12.904196088031169,12.18259020154612,0.17219099960481152,9.65282486019914,11.658343561478707,2.3093851711704128,0.9115994096725316,0.4254130578471813,Manua Islands,Samoa,Pacific
45.67429076447087,3.609579711629265,12.774685739201896,12.865955676256673,0.18148724807074518,10.445599388960664,10.596838762352952,2.359334224919687,0.97801461460346,0.514213869533778,Manua Islands,Samoa,Pacific
47.28424078754968,3.7661801865804034,12.863575221725023,11.681560075016655,0.1615519651080066,7.704009336088063,12.28804634602775,2.3122125006083443,1.524646670706812,0.41397691058926683,Manua Islands,Samoa,Pacific
43.96895979833228,4.112277742023244,10.655458582779442,14.057446696878742,0.17218896949358417,12.944559000752973,10.655458582779442,2.0257525822774607,0.9824900024045685,0.4254080422782667,Manua Islands,Samoa,Pacific
46.78635070351626,4.350345136444044,13.685460741730221,12.358671938721038,0.17119413731377026,6.686641598608438,11.208180872366253,3.0110027680480766,1.127867257596604,0.6142848456552932,Manua Islands,Samoa,Pacific
44.14155803342169,3.4591168392651674,12.364073600405524,11.787478154366124,0.18152799739583966,13.180949588686804,10.337010962818649,2.591816407262822,1.3513750917245844,0.605093324652799,Tutuila,Samoa,Pacific
43.655115051640976,3.1427640696898935,12.581161629465972,11.810604385261403,0.1818963127151707,14.09696423542573,10.43882727970952,2.223177155407642,1.3440116439509837,0.5254782367327154,Tutuila,Samoa,Pacific
44.02906992100818,3.2083511079011457,11.188872259944564,12.133554092103527,0.18160477969251768,14.286242669144725,10.573433839875475,2.7139825409604033,1.2914117667023481,0.3934770226671217,Tutuila,Samoa,Pacific
43.802534810659324,2.825643286051781,12.588797865814922,11.179599933067704,0.18229956684205037,14.968819988475024,10.6543969065465,2.3800221226601024,1.2254581993271163,0.19242732055549763,Tutuila,Samoa,Pacific
47.79189352692074,3.942327082072998,13.006654567453113,12.996571889493847,0.15124016938898968,8.7719298245614,8.913087315991126,3.0550514216575912,0.8066142367412784,0.5646299657188949,Tutuila,Samoa,Pacific
46.84007315586262,3.5257061572851045,10.973379394432024,12.51778093883357,0.15240804714488923,12.497459865880916,9.439138386506805,2.743344848608006,0.9042877463930094,0.406421459053038,Tutuila,Samoa,Pacific
45.697714714953996,5.33089331117006,13.884646076621637,14.766515690227749,0.15202167237176978,7.104479488840706,8.908470000985707,2.695850990059384,0.9830734813374444,0.4763345734315453,Tutuila,Samoa,Pacific
44.519827035580036,3.160674295406899,11.18078553436028,12.627583247223853,0.17854449246150428,13.749114433381472,10.516069549057045,2.4441292021516454,1.2387087470558282,0.38456346332142277,Tutuila,Samoa,Pacific
44.37482387971372,3.1625357934876517,11.002574430095919,12.646958395097215,0.17965780962198288,14.158992626229114,10.406839373058142,2.4334330827570834,1.2547222409232794,0.37946236901589125,Tutuila,Samoa,Pacific
44.522566410756745,3.329427291474833,11.40839959224866,12.916177141149301,0.1803804778121342,13.46621056997081,10.732557131578465,1.906636893894919,1.1558069658570753,0.3818375252570778,Tutuila,Samoa,Pacific
44.32428103111272,3.39441082339485,11.300010692492817,12.865600225514392,0.18375696935871771,13.351582124420114,10.590023094164408,2.410478723964387,1.1742908730663395,0.40556544251124527,Tutuila,Samoa,Pacific
44.275635564282226,3.399115823727119,11.234544239055245,12.931819010230475,0.17896618588530383,13.33224984288387,10.950853994755185,2.4186671184881923,0.9002583954487793,0.3778898252436051,Tutuila,Samoa,Pacific
44.483010078000895,3.4292081458387886,10.958264528342482,12.691641160216735,0.18051700756538158,13.915083710792498,10.439780967992586,2.5975293417012035,0.9153487648069568,0.3896162947424838,Tutuila,Samoa,Pacific
44.05283417558955,3.4521301486988056,11.002731893628361,12.756778114715889,0.18185240801661354,13.950650393854925,10.714184457770356,2.3777963739920196,1.1416367979028863,0.36940523583057466,Tutuila,Samoa,Pacific
44.15654661726335,3.5172367276850034,11.158194433010351,12.889370980289033,0.18256346975534862,13.418012949119754,10.642700411456364,2.6137576380979257,1.0121406416218373,0.40947613170101765,Tutuila,Samoa,Pacific
43.97315282631838,3.5278673727174747,11.2087141188105,12.861959478036205,0.18184582715967942,13.256785052661177,10.803389896640615,2.7290852158326846,1.04103543213097,0.41616477969231724,Tutuila,Samoa,Pacific
44.15462902988443,3.587604529468474,11.623306479951061,12.785016433388959,0.17906036855241012,12.83474207638347,10.343534415010394,2.716730020893379,1.3220593844512007,0.45331726201619604,Tutuila,Samoa,Pacific
44.33580131312132,3.6847228349654824,11.473975168141756,13.16264557029141,0.17550967734190479,12.972059907783393,9.94544834299217,2.634926065648063,1.2413628210399532,0.3735482986745739,Tutuila,Samoa,Pacific
45.095164572055104,3.753448397114694,12.484855822636508,13.088135516012866,0.1784735308549627,10.311216840644892,10.7785485724515,2.7826526844752597,1.117112840504241,0.4103912232499484,Tutuila,Samoa,Pacific
45.36318521254021,3.6461599662796815,12.723947831503635,12.793990987967957,0.1792546548677684,10.407704184938028,10.537267959452882,2.8189458705763917,1.1116941347089742,0.4178491971644569,Tutuila,Samoa,Pacific
44.16895943385321,3.857538487829151,11.033338527033209,12.767655647645999,0.17430726933689858,13.095200518699833,10.155710473012029,2.586462537507728,1.7083921813036858,0.45243492377826594,Tutuila,Samoa,Pacific
44.581467459354,4.001303870673241,11.240556629372529,12.879822865190855,0.1721681660299878,12.866964800566038,10.242224828790862,2.7373063907321264,0.8751298238292922,0.4030551654610666,Tutuila,Samoa,Pacific
44.57565523875623,3.995573701899449,11.274323191558878,12.868076481011878,0.1721214205934411,12.886847278721092,10.202826024215241,2.7496734124580082,0.8734556176606534,0.4014476331251136,Tutuila,Samoa,Pacific
45.0907369026687,3.9083992625171433,11.517025281673003,12.814902842757888,0.17426779523891642,12.007444934559679,9.969354815315018,2.4262114235707646,1.6698623988499393,0.4217943428489466,Tutuila,Samoa,Pacific
45.04987345838392,3.924062851847634,11.575086499801902,12.88358660456696,0.1735136962719711,11.57770188286618,9.94882733510534,2.738256156407095,1.692871573810752,0.4362199409382618,Tutuila,Samoa,Pacific
45.07728549422845,3.9051557015257186,11.613151726129182,12.554804462215015,0.1758379348491398,11.837844125155343,9.95377592922084,2.7256234739879583,1.7183965659767597,0.4381245867116058,Tutuila,Samoa,Pacific
44.926093290198395,3.901420737537055,11.561441461215601,12.932833091877512,0.1791392583935104,11.514438684306763,10.11352762749929,2.7381670959733824,1.7011921121850344,0.4317466408134706,Tutuila,Samoa,Pacific
45.04858465121219,3.8986154692865425,11.546164402406212,12.476324643233596,0.177103967499357,11.908389389431646,10.108571331973474,2.7209793598363716,1.6824775687034537,0.4327892164171816,Tutuila,Samoa,Pacific
45.08258090617012,3.8913691934653056,11.560296257017978,12.52872311252953,0.17712291360221125,11.879258957337122,10.051649567013792,2.72658143076919,1.672533379030304,0.42988428306444265,Tutuila,Samoa,Pacific
48.41633398455797,3.8696333775479883,14.34543077927023,12.384429070056841,0.16192494981120653,6.847870358717692,8.653923089016203,3.324019976607379,1.2760699269714355,0.7203644874430514,Tutuila,Samoa,Pacific
48.34478112589034,4.10202571957045,14.193524714648802,12.785058979051648,0.16297070572596975,6.88635085273502,8.807614271086736,3.135656392620966,0.9506455099507266,0.6313717287193331,Tutuila,Samoa,Pacific
48.54497697792707,3.637948911884185,13.419291743238695,11.996524752487485,0.16080640902213145,8.653535207478786,8.371954060490564,3.038781801336628,1.4688543918255061,0.7073257443089527,Tutuila,Samoa,Pacific
47.70011720202535,4.093488192904031,13.200559896390118,13.200722408948023,0.1666464710956688,8.864084958315022,8.67653530945895,2.708606959620606,0.870843855598248,0.5183947456439778,Tutuila,Samoa,Pacific
47.065974453971144,4.436491163828894,14.11717956525653,11.912553421379195,0.16070121348581262,7.378177643753628,9.672900040154916,2.498922219246652,2.2255752046305277,0.5315250742927093,Tutuila,Samoa,Pacific
46.74338597207152,3.4384964021560944,11.909650692607878,12.122899515994638,0.16177567604866552,11.895358288042463,8.70962741494252,2.598154240966253,1.9756611107974869,0.4449906863724945,Tutuila,Samoa,Pacific
44.92984208985765,4.375140116476736,11.277966447375405,13.364943143012667,0.16655704441033678,12.06009436663145,9.73227259859642,2.2759123072703495,1.3797478574575421,0.43752402891142594,Tutuila,Samoa,Pacific
45.03177009380334,4.3512711044267345,11.236586982461292,13.38159959091946,0.167939505493223,12.385296461589938,9.588574202058018,2.051140978574539,1.3639007627044444,0.44192031796899706,Tutuila,Samoa,Pacific
46.82570472758496,2.987731044085849,11.351598571479874,11.768193114100445,0.16187056891044072,13.8109276705769,9.269513538944365,2.0779996844699076,1.3776197168379691,0.36884136300930176,Tutuila,Samoa,Pacific
47.44785727200176,4.04350471333862,13.481592687906602,11.624038598495552,0.15427351349105523,7.776444648052924,9.7808572621615,2.844840961908924,2.289343001179937,0.5572473414631164,Tutuila,Samoa,Pacific
46.95176479856029,4.425520341784166,12.64056861868464,11.964951860726874,0.1641360181347653,8.732681164577965,10.543631104478978,2.503595514457701,1.513582432670185,0.5595681459244279,Tutuila,Samoa,Pacific
46.79073854591273,3.621602901113704,11.251699108694961,12.214771406329184,0.16316934307638115,12.256044190248112,9.271734152430486,2.8087151362418763,1.2564252949392385,0.36509992101330724,Tutuila,Samoa,Pacific
49.12375500264455,3.6794372089378564,13.650981148178987,11.10758981875189,0.17409964147181983,6.675941219482113,10.50012602071929,2.7247549134543574,1.9127973401914782,0.45051768616764454,Tutuila,Samoa,Pacific
47.25274725274725,3.896103896103896,12.987012987012985,12.487512487512486,0.1998001998001998,9.39060939060939,9.190809190809189,2.8971028971028967,1.1988011988011986,0.4995004995004995,Tutuila,Samoa,Pacific
46.5069860279441,3.9920159680638716,13.273453093812373,12.275449101796406,0.19960079840319359,9.481037924151694,9.381237524950098,2.894211576846307,1.497005988023952,0.49900199600798395,Tutuila,Samoa,Pacific
43.413173652694596,3.692614770459081,11.676646706586823,12.375249500998,0.19960079840319356,13.373253493013967,10.678642714570854,2.694610778443113,1.3972055888223547,0.49900199600798384,Tutuila,Samoa,Pacific
42.65734265734266,4.195804195804196,11.78821178821179,13.286713286713288,0.19980019980019983,11.988011988011989,10.08991008991009,3.696303696303697,1.4985014985014986,0.5994005994005994,Tutuila,Samoa,Pacific
48.100490196078425,4.044117647058823,13.0718954248366,12.888071895424833,0.1736111111111111,8.680555555555554,8.711192810457515,2.8594771241830057,0.9497549019607843,0.5208333333333333,Tutuila,Samoa,Pacific
47.260900498018096,3.8113629433885556,12.501270454314465,12.277670494969001,0.16261815225124504,10.061998170545786,9.574143713792052,2.74418131923976,1.0875088931802013,0.5183453603008435,Tutuila,Samoa,Pacific
47.27926078028748,4.312114989733061,13.018480492813145,15.164271047227928,0.2361396303901438,5.51334702258727,10.256673511293638,2.987679671457906,0.7289527720739222,0.5030800821355238,Iceland,Iceland,Atlantic
49.312456087523834,2.258355916892502,15.587674395262468,11.161296798153165,0.22081702298504466,6.785104888085917,9.876543209876543,3.14162400883268,0.9334537789822341,0.7226738934056006,Iceland,Iceland,Atlantic
46.74994921795653,3.0875482429412955,14.716636197440582,14.04631322364412,0.21328458257160268,6.8657322770668285,10.86735730245785,2.5695713995531175,0.4773512086126345,0.4062563477554336,Iceland,Iceland,Atlantic
45.93610998786898,3.4067933683784877,15.83097452486858,13.83946623534169,0.21229276182773957,6.469874646178731,10.31136271734735,2.6384957541447633,0.8997169429842297,0.45491306105944196,Iceland,Iceland,Atlantic
47.341856073861486,2.463421303033476,15.533039876231,10.246190270090626,0.20455829970222542,9.383825583056897,10.439001109818747,2.8299504100871635,1.0234703014278121,0.5346867726905635,Iceland,Iceland,Atlantic
47.78720261268991,2.7837226661285874,16.065201055948638,11.116683608021145,0.21272477559454683,6.4139241155175055,11.08235973194693,2.6472699414809555,1.186805058177601,0.7041064344941872,Iceland,Iceland,Atlantic
49.134876102828166,2.480229855859485,16.477324377629337,10.153134448406881,0.21693045868631305,6.577755021202311,9.46785838285555,3.2536739608976526,1.4950240360522429,0.7431933555820507,Iceland,Iceland,Atlantic
49.02264197565871,2.7227487143757,14.501983881846115,12.38189371092239,0.21043933007783622,6.048459782593285,10.805826678197958,2.6735314312102387,1.2036967648244281,0.42877773029333904,Iceland,Iceland,Atlantic
48.51426325462685,2.849316618689698,13.620945912493646,13.318433360849783,0.23501810124369635,6.410962392051821,10.692515289816926,2.5992436175812936,1.3001775265708877,0.4591239260753897,Iceland,Iceland,Atlantic
48.759991657035656,3.119341671595532,13.643668768193558,13.391163107975895,0.23749235480168837,5.680369750507078,10.706501970370388,2.63468395984495,1.3488799973399246,0.4779067623353449,Iceland,Iceland,Atlantic
48.68812635308407,3.026973913850537,13.650487160707547,13.466881344236691,0.2362663858102968,5.790644981003859,10.77977995549072,2.6106325926553637,1.283223068961134,0.46698424419977114,Iceland,Iceland,Atlantic
48.77024939040583,3.0588348905144733,13.557334041508733,13.392059583303153,0.23156530906223086,5.7020191046409625,10.810740123769746,2.644994889870677,1.3623323113074688,0.46987035561671614,Iceland,Iceland,Atlantic
48.137020497719604,4.517583070014836,12.7240203247174,14.600499012023782,0.23244834588443228,5.659611899794872,9.772936976967216,2.961189797571246,0.8489417849692309,0.5457482903373627,Iceland,Iceland,Atlantic
45.978384188212814,3.5230190481877353,14.032364005493521,16.32133118369459,0.25875281144881673,6.150355287514182,9.872414959893314,2.8860890507752632,0.5573137477359129,0.4199757170438486,Iceland,Iceland,Atlantic
46.67974373342553,4.514109549600665,13.915352547365856,15.62135522640316,0.2537591209125041,5.504302553202518,9.574655109609672,2.773338053561056,0.6316653208525903,0.5317187850664264,Iceland,Iceland,Atlantic
46.928354176408746,4.412976662949684,13.817879881536191,15.487424211540226,0.255792296655116,5.529949680859142,9.564843347202071,2.802963993237491,0.6501420846272825,0.5496736649840329,Iceland,Iceland,Atlantic
48.39659021717069,2.780596711995129,15.486097016440024,12.015425208037344,0.21311142683174342,6.362898315404911,10.655571341587173,2.9429673229145523,0.8017048914146538,0.34503754820377514,Iceland,Iceland,Atlantic
47.54996449223901,2.739170132900477,14.375570660444353,10.804504413107436,0.20290149132596125,6.8073450339859995,13.016130668560413,3.053667444455716,0.9232017855331237,0.5275438774474992,Iceland,Iceland,Atlantic
47.963113092825296,2.199027158492096,14.927036886907178,10.224969598702877,0.16214025131738957,7.0632346980137815,13.173895419537901,2.918524523713012,0.8917713822456425,0.4762869882448318,Iceland,Iceland,Atlantic
47.77037933817595,3.5108958837772395,13.640032284100078,15.688054882970137,0.2522195318805488,5.5790960451977405,9.311945117029863,3.2788539144471343,0.5952380952380952,0.3732849071832123,Iceland,Iceland,Atlantic
50.688511408181725,2.251482561061413,15.529198914463763,12.53392300733742,0.2010252286661976,6.292089657251984,7.7093175193486765,4.291888632023318,0.251281535832747,0.251281535832747,Iceland,Iceland,Atlantic
48.850806451612904,3.1451612903225805,13.649193548387096,15.241935483870966,0.36290322580645157,6.209677419354839,8.427419354838708,3.2358870967741935,0.625,0.25201612903225806,Iceland,Iceland,Atlantic
49.126856684062616,2.5993576876756315,14.24126856684062,12.384584504215171,0.18065034122842227,6.9450020072260115,10.016057808109192,3.823765556001605,0.4516258530710557,0.2308309915696507,Iceland,Iceland,Atlantic
47.3694819592824,3.6988510380971578,12.951017939931464,16.418060874823624,0.20157226365652087,6.228582946986495,8.63737149768192,3.23523483168716,0.8163676678089096,0.4434589800443459,Iceland,Iceland,Atlantic
45.4666225831711,2.7789617068707844,13.533643835988043,12.537948879063157,0.22071176011248106,10.614229190863862,11.04562035835644,2.3676352448429787,0.8728146877175389,0.5618117530135883,Iceland,Iceland,Atlantic
46.88054090776246,2.4947290448309736,14.805453188507084,10.118476413375504,0.18328621553860214,10.131654692272729,11.638674686701236,2.362355666941983,0.8960659426331661,0.4887632414362724,Iceland,Iceland,Atlantic
46.65694645244731,2.6380653483961,14.376433642809754,10.76590583157842,0.19427613030823992,10.194384311437643,11.584992402065044,2.3517636826786936,0.7771045212329597,0.4601276770458314,Iceland,Iceland,Atlantic
47.840531561461795,3.7752944729688918,13.017215342796737,14.960233564884728,0.23155139434209204,5.617638175777711,10.228531158763717,3.322259136212624,0.6342494714587738,0.37249572133293063,Iceland,Iceland,Atlantic
46.486157590508064,2.880032451069871,16.296521650948183,13.893114288611702,0.22310110536456748,6.794442754284556,10.080113578744548,2.4439711996754894,0.5577527634114188,0.3447926173816043,Iceland,Iceland,Atlantic
49.10995829518868,2.7057267826263853,15.746109246261822,11.707862882717931,0.23395381955040173,5.7166107211880774,10.47706235377886,2.807445834604821,1.1189095717627913,0.3763604923202115,Iceland,Iceland,Atlantic
48.40044404077102,2.6844282975073166,15.672620849732565,11.74689676052074,0.2119285498032092,6.125744272883238,10.51569280452114,3.693611867998789,0.5954183065899686,0.3532142496720153,Iceland,Iceland,Atlantic
48.35430296930046,2.707599396074485,15.661801711122298,11.816809260191246,0.2113739305485657,6.190236537493711,10.478107700050328,3.5430296930045304,0.6743834927025669,0.36235530951182693,Iceland,Iceland,Atlantic
48.46520109411407,2.97842163914497,14.669233107081347,12.511397021578361,0.2127444027960693,6.078411508459122,10.596697396413738,3.444433188126836,0.6787559517779354,0.3647046905075473,Iceland,Iceland,Atlantic
48.21094589875853,2.430047677535433,13.530265463808396,12.238278115016616,0.15000294305774278,10.120198558295712,9.100178545503061,3.0000588611548555,0.8700170697349081,0.3500068671347331,Iceland,Iceland,Atlantic
46.82010902483344,2.7760952957803355,16.242681203311125,13.567534827377347,0.171613163739148,6.904906117504543,9.943468604885929,2.745810619826368,0.4643650312941653,0.36341611144760755,Iceland,Iceland,Atlantic
49.45783132530121,2.7208835341365463,14.066265060240966,13.263052208835344,0.27108433734939763,6.847389558232933,9.016064257028113,3.4036144578313254,0.7028112449799196,0.25100401606425704,Iceland,Iceland,Atlantic
47.15125709651256,2.4330900243308995,15.31832927818329,9.661394971613948,0.17234387672343873,7.360097323600972,13.503649635036494,3.08191403081914,0.9022708840227087,0.4156528791565287,Iceland,Iceland,Atlantic
47.06783816918675,2.4928483857785033,15.71311810380057,10.288107887208826,0.17368205966489578,6.988148753575805,12.801389456477317,3.06497752349816,0.9705762157744173,0.43931344503473624,Iceland,Iceland,Atlantic
46.92737430167598,3.128491620111732,15.347892331132556,13.275774504824787,0.223463687150838,5.657694261046217,10.512950736414425,3.8090401218892844,0.7516505840528187,0.3656678517013713,Iceland,Iceland,Atlantic
47.50844162488488,3.9803540366315353,13.128005730072648,14.7344725263481,0.2251099969303182,5.504962652205054,11.050854394761075,2.824107234216719,0.6037040826767623,0.43998772127289465,Iceland,Iceland,Atlantic
47.010321357132526,4.449908624190109,12.18451277910294,14.979623938724417,0.2209886901403666,5.625166658118422,11.611951172830173,2.742268745832731,0.7433255941085058,0.43193243981980745,Iceland,Iceland,Atlantic
47.66307722233075,5.223625091340887,12.548708552761441,15.051047125684278,0.2301597262468207,5.613895931498541,9.23640988373111,3.0421111643058043,0.83057640341244,0.5603888986879113,Iceland,Iceland,Atlantic
46.380583456618425,2.821554144563377,16.033429938267073,13.64396694777927,0.20595285726739979,7.537874575986832,9.84454657738171,2.8421494302901165,0.38101278594468957,0.30892928590109964,Iceland,Iceland,Atlantic
47.27291057566287,4.264542796652889,12.924689988910174,14.71922572840004,0.2923681822764391,5.6558120778304275,10.92852102026414,2.9337634842222,0.5242463958060288,0.4839197499747958,Iceland,Iceland,Atlantic
45.58470146859138,3.218942047837961,16.145642866529013,14.351693866387421,0.20373050935683298,6.7332933342433305,9.361416904946475,3.3309938279842197,0.641751104474024,0.4278340696493492,Iceland,Iceland,Atlantic
47.109421884376886,3.650730146029206,13.502700540108023,14.002800560112025,0.1600320064012803,6.13122624524905,11.70234046809362,2.8205641128225647,0.5401080216043209,0.38007601520304063,Iceland,Iceland,Atlantic
46.28750101444854,3.545937104331266,14.524318647684565,14.576972808652439,0.26043605851020596,6.5008846912739875,10.717945484843092,2.7445953858383247,0.5108553455392503,0.33055345887833837,Iceland,Iceland,Atlantic
46.57557237446745,3.9417854542027646,13.629907759800863,14.893726843018587,0.2318697326001626,6.42178346375233,10.58535735783351,2.7118677421497277,0.50406463608731,0.50406463608731,Iceland,Iceland,Atlantic
46.967429557543994,4.081488823671278,13.56791953017457,14.652431726794676,0.23236198748623615,6.283876357236473,10.395673266232041,2.798446544942931,0.5253401456210556,0.49503206029676394,Iceland,Iceland,Atlantic
46.73155020327772,4.1561464627619715,13.653041520184257,14.869270521204056,0.23089702570899842,6.294453700849653,10.23978114013819,2.770764308507981,0.5521450614780399,0.5019500558891271,Iceland,Iceland,Atlantic
46.6654514247173,3.9740900568146347,13.84910171314191,14.557063778485341,0.2308183618856985,6.402700647090244,10.447039770565743,2.850104990240798,0.5419213713838138,0.4817078856745012,Iceland,Iceland,Atlantic
46.46974557338892,4.734049032137188,13.401462270680115,15.67787929015687,0.24020544771943442,5.654836581728353,9.718312072315454,2.9525252948847154,0.6005136192985862,0.5504708176903707,Iceland,Iceland,Atlantic
46.65677868252186,4.002320902541309,13.993001039615457,16.011749523749017,0.24195390846597334,5.685916848950373,9.395876778761965,2.9236097272971775,0.5948033583121844,0.49398922978469556,Iceland,Iceland,Atlantic
47.05067349506293,4.124963055987813,13.639476382207874,15.844731813971269,0.2408737550941788,5.600314805939657,9.434222074522005,2.930630686979175,0.6222572006599619,0.51185672957513,Iceland,Iceland,Atlantic
46.92209142720069,3.622587273626892,13.592270355363297,14.13761807439769,0.22199699169858392,7.20481145785404,10.686127918581835,2.6437823556831357,0.5146293898467172,0.45408475574710344,Iceland,Iceland,Atlantic
47.35810401355586,3.092526638529256,14.90678690140736,14.237970409937045,0.2122322202912234,6.3770729049410475,10.055764723322252,2.8701881220336882,0.5053148102171987,0.38403925576507103,Iceland,Iceland,Atlantic
46.66486088253553,3.5036400403715993,14.336733958302176,15.117272470192683,0.21142655416035513,6.4132721428641055,10.178678393148525,2.6478658925796856,0.5134644886751482,0.4127851771702171,Iceland,Iceland,Atlantic
47.01384814321855,3.6915024109031256,13.921088110871732,15.045151600850701,0.23134756253616315,6.246384188476405,10.06864826516084,2.7560535710829877,0.5331052528007239,0.4928708940987824,Iceland,Iceland,Atlantic
46.431978920484845,3.639752353662953,14.27748160829114,15.55171265631178,0.22120041928338388,6.193611739934749,9.873582351649226,2.87560545068399,0.5027282256440543,0.43234627405388665,Iceland,Iceland,Atlantic
46.27152687226969,3.7017221497815758,14.183228889108754,15.665112761497998,0.23135763436134849,6.176242934689911,9.958437305118913,2.846704805402679,0.5331284617891944,0.4325381859799124,Iceland,Iceland,Atlantic
45.980564627526256,3.7970260920059213,14.172856749840285,16.008564547687186,0.23350695218218234,6.142248090009579,9.90881675347,2.812235902368022,0.5076238090917008,0.43655647581886264,Iceland,Iceland,Atlantic
46.54688387365963,4.414362069677376,13.595028515270647,15.513735513828427,0.2413318671349819,5.952852722662887,9.794051607894684,2.8557604277639523,0.5530521955176668,0.5329412065897517,Iceland,Iceland,Atlantic
46.748173830749494,4.01419054684753,13.989151478586741,15.903716634133902,0.24206174151844398,5.728794549269841,9.339548860253297,2.9854281453941427,0.5648107302097027,0.48412348303688796,Iceland,Iceland,Atlantic
46.99390469555296,3.708183836436882,14.25680488613744,15.823216508567695,0.232392992474246,5.698680337194554,9.265407569516677,3.0009008158630897,0.5759304596100878,0.4445778986463837,Iceland,Iceland,Atlantic
46.61508455655273,4.008271294986232,14.003708529334771,16.02823083022546,0.24231362992360095,5.6741775007109885,9.34926755455227,3.018823972798195,0.5653984698217356,0.49472366109401855,Iceland,Iceland,Atlantic
46.47823316046209,4.287511330956442,13.808604568244693,16.141914531621897,0.25161451472749075,5.575777646361195,9.299672464328058,2.9388575320170918,0.6139394159350774,0.6038748353459777,Iceland,Iceland,Atlantic
47.183431574559485,4.386827219201242,12.940138737917822,15.23808503173489,0.20031174516900654,5.51858857940613,10.556428970406644,2.8644579559167935,0.6510131717992713,0.46071701388871505,Iceland,Iceland,Atlantic
46.51660965968736,4.515979083199949,12.99103399942945,15.603843815086172,0.20251027278923536,5.508279419867202,10.722918944190013,2.8553948463282186,0.6176563320071679,0.46577362741524136,Iceland,Iceland,Atlantic
47.33038163862388,4.494669191034491,13.211297307580033,14.500281568298966,0.2121079842960097,5.5552091125145395,10.524596173163909,2.9897125405532794,0.6565247132971729,0.5252197706377383,Iceland,Iceland,Atlantic
47.003381188482095,2.655152830494408,15.674628099714095,13.364105905373597,0.20503110660188484,7.606654054929926,9.872247782880754,2.9216932690768584,0.4510684345241466,0.24603732792226177,Iceland,Iceland,Atlantic
46.235332059480506,3.2400733256365646,16.190080681117312,14.369490679605072,0.21600488837577098,6.30528555115941,9.576216717992514,2.8080635488850225,0.7611600828479549,0.2982924648998742,Iceland,Iceland,Atlantic
47.99192281803903,3.46339771962388,13.569053786688965,15.246700797519729,0.25598139800518077,5.506149672629366,9.86803190078936,3.1747812429885567,0.5293001815326248,0.3946804821832867,Iceland,Iceland,Atlantic
46.58423928027652,4.298847436817239,13.539360618760835,15.499524565552752,0.2209687934812599,5.5543519452334875,10.506061726427177,2.742021846381089,0.5524219837031499,0.5022018033664999,Iceland,Iceland,Atlantic
46.07686148919135,3.00240192153723,15.302241793434746,12.530024019215372,0.20016012810248196,7.7662129703763005,11.168935148118495,2.3718975180144115,0.8907125700560449,0.6905524419535628,Iceland,Iceland,Atlantic
47.55729794933655,2.844792923200643,15.963007639726579,12.233614796944108,0.20104543626859672,6.011258544431042,10.9167671893848,2.844792923200643,0.8946521913952553,0.5327704061117813,Iceland,Iceland,Atlantic
46.63241213719723,2.388265362246477,15.16650567648831,10.123654786570624,0.1837127201728059,9.940899413795163,12.104627006941545,2.2453776910009613,0.7246446184594011,0.48990058712748236,Iceland,Iceland,Atlantic
45.49753549517573,2.3393591091784494,16.245549369294785,15.433167929314084,0.17995070070603456,6.638181403822607,9.937277583433241,2.7992331220938707,0.5298548409677685,0.3998904460134101,Iceland,Iceland,Atlantic
46.937181653584766,4.339887541502662,13.862346531992905,15.36818734897259,0.25573388378349277,5.608663752716104,9.682471309194444,2.75975205588505,0.6436522945096221,0.5421236278583874,Iceland,Iceland,Atlantic
46.4182647143517,3.3452778675990524,14.587438943863749,12.353719868904848,0.2128813188472124,7.967843648281379,11.059691374395655,2.605261854463504,0.9528973319827603,0.4967230773101623,Iceland,Iceland,Atlantic
45.716862037871955,2.274321210299569,14.557659553150984,10.75042580903717,0.1903616872056908,11.501853521691212,11.862538823765153,2.0038072337441135,0.6913134956417191,0.4508566275924255,Iceland,Iceland,Atlantic
49.587378971682085,2.6305228378024434,14.708669621527651,11.532481746044828,0.19627747328218215,6.144294305374711,10.48769220640772,3.3488579204331153,1.0754791448399952,0.28834577260526795,Iceland,Iceland,Atlantic
48.91162747042043,2.5315341414325765,15.465427398799736,11.917384219659217,0.19831362578768313,6.135580748859762,9.706237817251266,3.3298476656493174,1.4913994102604415,0.3126475018795619,Iceland,Iceland,Atlantic
48.965213452119535,3.271299877254832,13.745331827177813,13.289797558694428,0.24603090998852553,5.6404864178850715,9.942483687602126,3.6074408736177594,0.9061632281470366,0.3857521675128731,Iceland,Iceland,Atlantic
48.88263925050545,3.01602292467674,14.723979075082369,12.315785712836467,0.2084202356536095,5.69715702410424,10.480704956969635,3.2406311397985914,1.070430142337467,0.3642295380354336,Iceland,Iceland,Atlantic
48.89800718071935,2.5447232337986776,15.533858115358838,11.755565279561992,0.2371426669489808,6.321777591571546,10.455559379968507,3.0585323455214697,0.8999260181653621,0.2949081883852706,Iceland,Iceland,Atlantic
47.623811905952984,3.3516758379189597,14.907453726863434,12.106053026513258,0.21010505252626313,7.49374687343672,10.205102551275639,3.081540770385193,0.6903451725862932,0.3301650825412707,Iceland,Iceland,Atlantic
46.75324675324675,3.3566433566433567,14.885114885114886,12.587412587412588,0.21978021978021978,7.8321678321678325,10.38961038961039,3.0169830169830174,0.6593406593406594,0.2997002997002997,Iceland,Iceland,Atlantic
46.62797678607164,3.3420052031218725,14.708825295177105,12.607564538723235,0.22013207924754855,8.164898939363619,10.40624374624775,2.9817890734440664,0.6303782269361617,0.3101861116670002,Iceland,Iceland,Atlantic
46.99530046995301,3.3196680331966806,14.798520147985203,12.298770122987703,0.20997900209979004,8.119188081191881,10.298970102989703,3.00969903009699,0.6299370062993701,0.31996800319968005,Iceland,Iceland,Atlantic
46.98590422873138,3.2490252924122762,14.695591322603219,12.296311106668,0.2099370188943317,8.177546735979206,10.296910926721985,3.0790762771168647,0.6498050584824553,0.3598920323902829,Iceland,Iceland,Atlantic
46.91407422226668,3.320996298889667,14.604381314394319,12.503751125337601,0.2200660198059418,7.9823947184155255,10.403120936280885,3.0509152745823744,0.6501950585175553,0.3501050315094528,Iceland,Iceland,Atlantic
46.99530046995301,3.3496650334966507,14.798520147985203,12.298770122987703,0.20997900209979004,8.129187081291873,10.298970102989703,2.9797020297970205,0.6299370062993701,0.30996900309969005,Iceland,Iceland,Atlantic
47.12356178089044,3.271635817908954,14.907453726863432,12.106053026513255,0.21010505252626313,8.074037018509255,10.205102551275637,3.111555777888944,0.64032016008004,0.35017508754377186,Iceland,Iceland,Atlantic
47.71908763505402,3.0812324929971986,15.7062825130052,11.404561824729893,0.20008003201280514,7.503001200480192,10.104041616646658,3.2813125250100037,0.6402561024409763,0.3601440576230492,Iceland,Iceland,Atlantic
46.800000000000004,3.3100000000000005,15.600000000000003,12.200000000000001,0.21000000000000002,7.260000000000002,10.500000000000002,3.170000000000001,0.6300000000000001,0.32000000000000006,Iceland,Iceland,Atlantic
46.68132746901239,3.3186725309876044,15.093962415033982,12.395041983206715,0.2199120351859256,7.88684526189524,10.395841663334664,3.058776489404238,0.6397441023590563,0.30987604958016784,Iceland,Iceland,Atlantic
46.70467046704671,3.32033203320332,15.201520152015203,12.301230123012303,0.21002100210021002,7.830783078307832,10.501050105010501,3.0103010301030104,0.6200620062006201,0.3000300030003,Iceland,Iceland,Atlantic
47.22361180590296,3.241620810405203,14.70735367683842,12.106053026513258,0.21010505252626313,8.394197098549276,10.105052526263131,3.0615307653826918,0.6403201600800401,0.3101550775387694,Iceland,Iceland,Atlantic
46.728036822093266,3.301981188713228,15.009005403241948,12.40744446668001,0.21012607564538724,7.974784870922555,10.306183710226138,3.1018611166700025,0.640384230538323,0.3201921152691615,Iceland,Iceland,Atlantic
47.0,3.37,14.800000000000002,12.5,0.22,7.919999999999999,10.2,3.02,0.67,0.3,Iceland,Iceland,Atlantic
46.86250999200639,3.407274180655475,14.888089528377296,12.490007993605113,0.21982414068745004,7.813749000799359,10.391686650679457,2.9676258992805753,0.6494804156674661,0.3097521982414068,Iceland,Iceland,Atlantic
47.11645288354711,2.535097464902535,16.796283203716794,12.655287344712654,0.201999798000202,6.1811938188061815,10.069689930310071,3.4238965761034237,0.6867993132006869,0.33329966670033334,Vestmannaeyjar,Iceland,Atlantic
49.08344185114696,2.1035760793348697,16.027246318741863,10.517880396674348,0.17028949213663233,6.9518180907542835,11.118902133627168,3.3957728137834327,0.5609536211559653,0.07011920264449566,Vestmannaeyjar,Iceland,Atlantic
47.38529352835103,2.7649769585253456,15.427769985974757,13.023442195952716,0.21037868162692847,6.361450611099979,10.91965537968343,3.3460228411140056,0.4708475255459828,0.0901622921258265,Vestmannaeyjar,Iceland,Atlantic
47.26143987183338,2.6734755181736256,16.120957244417745,12.416140983278263,0.21027335536197056,6.1279663562631415,10.814058275758487,3.7448683288274753,0.5407029137879243,0.09011715229798738,Vestmannaeyjar,Iceland,Atlantic
46.57755167337305,2.0134101087141785,15.349760234751658,12.107671590883042,0.1993475355162553,9.62848596543513,10.26639807908715,3.1197889308293956,0.4884014620148255,0.24918441939531913,Vestmannaeyjar,Iceland,Atlantic
46.8562163214685,2.1535028877972913,14.623787052018814,11.986837790349785,0.19030955752627224,10.116455426396577,10.617270051465715,2.8145781928885527,0.41066799255669273,0.23037472753180324,Vestmannaeyjar,Iceland,Atlantic
47.0324424242753,2.016396245413732,16.383219493986573,11.228155295660452,0.21172160576844185,8.630175930370774,10.364276701426583,3.4077096547492065,0.4839350988992957,0.24196754944964785,Vestmannaeyjar,Iceland,Atlantic
47.659788626069464,2.818319073980876,16.024157020634124,12.299949672873682,0.1912430800201309,5.898339204831406,10.347257171615503,3.6235530951182695,0.7549068948163061,0.3824861600402618,Vestmannaeyjar,Iceland,Atlantic
47.23864889245264,2.6761551568607795,15.876515986769569,12.849553974140523,0.1904380074170592,5.552771374160568,10.734689786508971,3.878921519494838,0.6715445524706826,0.330760749724366,Vestmannaeyjar,Iceland,Atlantic
47.93380038582597,2.4469489288252615,15.818864859376585,11.747385521372728,0.2335262463194233,5.929535993501878,10.742207330693471,4.101939283175956,0.6802721088435374,0.36551934206518427,Vestmannaeyjar,Iceland,Atlantic
47.139146800435974,2.848958293553996,16.356253465474893,12.93502633387116,0.2727726025743188,5.809046165934566,9.86022444861241,3.6369680343242496,0.8284204967071903,0.3131833585112549,Vestmannaeyjar,Iceland,Atlantic
47.19586961278474,2.1767060554172275,15.023340391828247,11.304314003559709,0.23394504333923474,9.652775918649294,10.710614375487571,2.8785411854349316,0.6509775119004791,0.1729159015985648,Vestmannaeyjar,Iceland,Atlantic
47.17192349643366,2.3736831439570025,15.438998415144065,11.29867946374233,0.19110160904738582,8.720268160214921,11.144241201289658,2.7760023208988676,0.5431308888715176,0.34197130040058515,Vestmannaeyjar,Iceland,Atlantic
46.94531196240046,2.5138457373414442,16.133034089444287,12.641336685881466,0.2725856823623253,7.430483785876718,9.732318436936355,3.402273146522356,0.6764163228991035,0.25239415033548634,Vestmannaeyjar,Iceland,Atlantic
47.2521365247019,1.9043425711463915,15.397678970980447,10.91342881075599,0.18330570203548152,10.091997262064567,10.743750869301834,2.8717893318892105,0.40734600452329234,0.23422395260089307,Vestmannaeyjar,Iceland,Atlantic
48.3130645596774,2.213281430517565,16.271717183619874,10.833449035352562,0.18444011920979705,7.193164649182085,10.86147368679916,3.217455412882016,0.6148003973659901,0.2971535253935619,Vestmannaeyjar,Iceland,Atlantic
47.3928813584302,2.6318131467731423,16.135039061370726,12.714904751443065,0.21256952339321536,6.134149103632786,10.527252587092569,3.451724165575545,0.5263626293546285,0.27330367293413405,Vestmannaeyjar,Iceland,Atlantic
48.79019484364311,2.3267592919132323,16.72806680353478,11.132145106221483,0.1947507777372309,6.160274601056619,9.983539869266469,3.628514490472617,0.6765027016135389,0.3792515145409233,Vestmannaeyjar,Iceland,Atlantic
48.56499251071307,2.3852536372251576,16.553455499541116,11.366841239933875,0.19450566140462655,6.3572639859091105,9.837891611044531,3.6034733060225554,0.747311225396723,0.3890113228092531,Vestmannaeyjar,Iceland,Atlantic
47.04851081727331,2.528284004915229,16.98435948463214,12.631476120469715,0.20389387136413137,6.1677896087649735,9.817489906182926,3.6700896845543647,0.6320710012288072,0.3160355006144036,Vestmannaeyjar,Iceland,Atlantic
46.66751940649308,2.09853941656607,15.489219503225755,11.991254087155339,0.17987480713423454,9.193601253527543,10.492697082830349,3.097843900645151,0.46967310751716795,0.3197774349053059,Vestmannaeyjar,Iceland,Atlantic
47.06971456282773,2.2079610242691046,14.853555981446704,12.163295979985433,0.18065135653110856,10.13654833868998,9.835462744471467,2.910494077445638,0.3914112724840686,0.25090466184876187,Vestmannaeyjar,Iceland,Atlantic
47.43094417509679,2.3725611237649953,15.969161409956701,12.336908221913873,0.16222640162495697,7.269770622818383,9.784279848005218,3.6095374361552928,0.7198796572107464,0.34473110345303354,Vestmannaeyjar,Iceland,Atlantic
47.50677126062314,2.341383435289939,16.10587999426716,12.345091132522098,0.1621737444356668,7.480263962095131,9.5885226397588,3.446192069257919,0.6892384138515839,0.3344833478985627,Vestmannaeyjar,Iceland,Atlantic
47.19264943425265,2.30035031599213,15.920045578958753,12.606955395964164,0.1824066329861601,7.580008970758209,9.616883039103664,3.5670630450626866,0.7093591282795115,0.3242784586420624,Vestmannaeyjar,Iceland,Atlantic
46.53045277740674,1.604498371634715,15.343015678756963,11.652308411863501,0.17047795198618848,11.732894342578854,9.727271378035459,2.707591002133582,0.32089967432694305,0.21059041127705633,Vestmannaeyjar,Iceland,Atlantic
47.19440521891396,2.0391391764835993,15.988474338995784,10.348891031912567,0.1826094784910686,9.32322837407178,11.220337956173438,2.992766453048069,0.44637872520038996,0.26376924670932134,Vestmannaeyjar,Iceland,Atlantic
47.13922471393212,1.982584813971953,15.55876204264284,10.813875018175368,0.18114988147967084,9.832413011424356,10.91931230030238,2.807823162934898,0.5031941152213079,0.2616609399150801,Vestmannaeyjar,Iceland,Atlantic
48.25177545016246,2.3344359178665055,16.594794459616246,11.524878712859428,0.17254526349448085,6.363875306531734,10.109122496500172,3.5930013692380127,0.6901810539779234,0.36538996975301824,Vestmannaeyjar,Iceland,Atlantic
47.44329790934215,2.6560136863777015,16.06786905690327,12.757046622265284,0.17233676591000355,6.15343628866895,10.015807336416676,3.710309195474194,0.6792096068217787,0.3446735318200071,Vestmannaeyjar Islands - Ellidaey,Iceland,Atlantic
47.77528408911125,2.347952160464654,17.30229124256571,11.573904686363374,0.25192619747474826,5.905150068808099,10.550669150242458,3.4463503814545557,0.6751622092323253,0.17130981428282882,Vestmannaeyjar Islands - Hellisey,Iceland,Atlantic
42.05257836198181,4.115267947421638,15.045500505561174,12.912032355915064,0.1820020222446916,7.229524772497473,11.193124368048535,4.4590495449949445,2.2042467138523767,0.6066734074823054,Fogo,Cape Verde,Atlantic
42.59782170229931,3.771682129891085,15.449778136345302,12.081484469544172,0.20169423154497781,6.544977813634531,12.121823315853167,3.7817668414683343,2.6220250100847116,0.826946349334409,Fogo,Cape Verde,Atlantic
42.66197890507283,3.817177297840281,15.660472124560524,11.963837267704672,0.20090406830738325,6.197890507282772,11.993972877950778,3.907584128578604,2.7523857358111505,0.8437970868910096,Fogo,Cape Verde,Atlantic
41.289994921279835,4.4692737430167595,14.758760792280345,12.859319451498221,0.20314880650076184,6.602336211274759,13.011681056373794,3.6668359573387503,2.427628237684104,0.7110208227526662,Fogo,Cape Verde,Atlantic
41.846837744998986,3.566377045867851,13.447161042634873,12.891493230955748,0.20206102242877347,9.304910082845018,12.942008486562939,3.1117397454031113,1.939785815316225,0.7476257829864618,Fogo,Cape Verde,Atlantic
40.31536113936928,4.465920651068159,12.929806714140387,13.540183112919635,0.19328585961342828,8.84028484231943,14.42522889114954,2.909460834181078,1.780264496439471,0.600203458799593,Fogo,Cape Verde,Atlantic
42.13715786284214,3.868296131703869,15.13988486011514,12.705787294212707,0.19189980810019192,6.857893142106859,12.180587819412182,3.5854964145035852,2.4946975053024953,0.8382991617008383,Fogo,Cape Verde,Atlantic
42.468787756745876,3.7555376560612164,15.505436971405558,11.749899315344342,0.21143777688280305,6.051147805074507,12.062021747885623,4.3797825211437775,2.8997180829641565,0.9162303664921467,Fogo,Cape Verde,Atlantic
41.6970802919708,4.0652879156528785,14.28426601784266,13.290754257907539,0.202757502027575,7.13706407137064,13.402270884022707,3.3860502838605018,1.8856447688564475,0.64882400648824,Fogo,Cape Verde,Atlantic
42.74755223579287,3.8659533663066514,15.63540930655092,12.072272130816593,0.20187746038154838,6.09669930352276,11.981427273644893,3.8659533663066514,2.7152518421318255,0.8176037145452709,Fogo,Cape Verde,Atlantic
42.5954043931572,3.1076019840064784,12.794817289199315,11.185342646016805,0.20244964065188786,10.922158113169349,12.825184735297096,3.66433849579917,1.984006478388501,0.7186962243142019,Fogo,Cape Verde,Atlantic
41.31483715319661,4.030960997185363,14.636107760353836,13.138319260152793,0.2110977080820265,6.845597104945717,13.279051065540811,3.4579815038198625,2.291917973462002,0.7941294732609568,Fogo,Cape Verde,Atlantic
43.14413695142225,3.8201060140580703,15.39071583091637,11.616182378157767,0.2105570243969015,6.346790306820887,12.011776915594668,3.8501855889719128,2.64700259241819,0.9625463972429782,Fogo,Cape Verde,Atlantic
41.64225835774163,3.7066962933037058,13.836986163013835,12.998687001312994,0.20199979800020196,8.453691546308452,13.554186445813551,2.9491970508029484,1.9492980507019488,0.7069992930007069,Fogo,Cape Verde,Atlantic
42.09191437557067,3.8246931114943696,15.511819011869738,12.133509181292485,0.21304656589225934,6.269656081972203,11.768286496905752,4.372527138074465,2.9319265496601403,0.8826214872679314,Fogo,Cape Verde,Atlantic
43.2909314731227,3.9464505539597865,14.5363151415675,11.52031185884284,0.19798933114485023,6.401313089864588,12.197373820270824,4.093147312269183,2.7800574476815756,1.0361099712761592,Fogo,Cape Verde,Atlantic
43.00500560175144,3.9099197253600018,15.386829203112312,11.789374145604423,0.20248532752258686,6.146508926827764,12.13884120833376,3.8852514621085197,2.5593323123413265,0.9764520870378552,Fogo,Cape Verde,Atlantic
42.695786186478486,3.7687066553108655,13.961552500304172,12.440686214867988,0.19365697367887416,7.685444295737518,13.079450054751188,3.153262765137689,2.20018655959768,0.8212677941355396,Fogo,Cape Verde,Atlantic
43.58739151033739,3.8174248762638223,15.523724080924971,11.511748636633973,0.19757467012086327,6.017963166436498,11.632712720381438,4.00189510397871,2.7418525649425924,0.9677126699797385,Fogo,Cape Verde,Atlantic
42.621526901051396,3.8935067820747182,15.321529931017764,11.948167375342132,0.20805769055963477,6.504327801961398,12.119865469493288,3.837957398672874,2.5653715243760793,0.9796891254507074,Fogo,Cape Verde,Atlantic
42.04745748897108,3.9795824800562394,14.549011217409907,12.633595174781712,0.208861855712117,6.571507167527585,13.071695652616885,3.647441187557946,2.2618210716141456,1.0290267037523815,Fogo,Cape Verde,Atlantic
41.87685574265665,4.064397480813291,14.137034715872316,12.236343275148203,0.20239795341764868,7.993178058828969,13.140455960465616,3.349326538789516,2.0856235809026744,0.9143866931051134,Fogo,Cape Verde,Atlantic
42.58487194758786,3.925776837608593,14.694707440800151,12.127497894888174,0.2043498798545933,6.448830379330883,12.743628185907047,3.7994701279497245,2.454252325891849,1.0166149801811424,Fogo,Cape Verde,Atlantic
42.08793792616976,3.9317515002197934,13.596540549382022,12.073319089338472,0.19730318240832556,7.8205665565994344,14.036127950602644,3.2917940277451216,2.0957073779122664,0.8689518396221593,Fogo,Cape Verde,Atlantic
42.139118499626136,3.6341660777023224,13.244015610115845,12.649929836421553,0.2058814491595735,9.177600917760092,13.090372737608702,3.052371733808602,1.9461430517571623,0.8604000860400085,Fogo,Cape Verde,Atlantic
42.24164524421594,3.7902313624678663,13.748071979434446,12.267352185089972,0.1994858611825193,8.401028277634962,13.017994858611825,3.3933161953727504,2.1285347043701797,0.8123393316195373,Fogo,Cape Verde,Atlantic
42.287179487179486,3.928205128205129,14.225641025641028,12.410256410256412,0.20512820512820518,7.343589743589744,12.769230769230772,3.5897435897435903,2.256410256410257,0.9846153846153847,Fogo,Cape Verde,Atlantic
42.21141540824161,3.770668031737906,15.070386485794728,12.275403122600462,0.21704632710519578,6.603532121832608,12.357307396979781,3.982595341694395,2.4161760941899155,1.0954696698233939,Fogo,Cape Verde,Atlantic
43.05925774041419,3.807668648759483,15.070740209144965,12.015583350420341,0.2111954070125077,6.694689358212015,12.384662702481032,3.7215501332786545,2.3375025630510557,0.6971498872257536,Fogo,Cape Verde,Atlantic
41.99131988766913,3.7559356650497824,13.367372989532806,12.427878478427367,0.20117436813888176,9.139647689558334,12.887413837120242,3.237171304569823,2.1342864437069182,0.857799336226704,Fogo,Cape Verde,Atlantic
43.35362519068007,3.7738394856764677,15.631587145764458,11.225737803831006,0.20538590230357187,6.050284215642166,12.100568431284332,3.9053674034078187,2.6811460152929327,1.0724584061171731,Fogo,Cape Verde,Atlantic
42.98989073828245,3.7475747983253345,14.255080159297458,11.824772796895742,0.1940161339732462,8.41417338915552,12.30470744409272,3.1246808945164917,2.266925354845298,0.878178290615746,Fogo,Cape Verde,Atlantic
43.5204081632653,3.6530612244897953,15.602040816326527,11.1734693877551,0.2040816326530612,6.377551020408162,11.93877551020408,3.8367346938775504,2.6428571428571423,1.0510204081632653,Fogo,Cape Verde,Atlantic
43.2482124616956,3.7691521961184873,15.097037793667004,11.52196118488253,0.19407558733401425,7.027579162410621,12.216547497446372,3.503575076608784,2.482124616956077,0.9397344228804902,Fogo,Cape Verde,Atlantic
42.83965728274173,3.8045695634434917,14.34108527131783,11.740106079151365,0.1937984496124031,7.74173806609547,12.984496124031008,3.233374133006936,2.2439820481436152,0.8771929824561403,Fogo,Cape Verde,Atlantic
43.5265356015076,3.7282265457879196,15.625954976061934,11.15412040338189,0.19354181521849856,6.5498624834470816,11.928287664255885,3.6976673118060512,2.617907711113375,0.9778954874197822,Fogo,Cape Verde,Atlantic
43.20008137524159,3.77377682839996,15.115451123995527,11.52476858915675,0.1932661987590276,6.916895534533619,12.287661478995018,3.519479198453871,2.5022886786695153,0.9663309937951379,Fogo,Cape Verde,Atlantic
43.28479788208939,3.757254862030343,15.426127685571734,11.231035536096119,0.2036452499745443,6.689746461663781,12.24926178596884,3.6147031870481614,2.5455656246818044,0.9978617248752671,Fogo,Cape Verde,Atlantic
42.65412329863891,4.213370696557246,14.901921537229784,12.389911929543636,0.20016012810248196,6.775420336269014,11.659327461969577,3.7129703763010404,2.652121697357886,0.8406725380304243,Fogo,Cape Verde,Atlantic
42.58489609731373,4.004054738976178,14.789660415610745,12.316269640141915,0.20273694880892043,6.183476938672072,12.843385707045108,3.08160162189559,2.1287379624936644,1.8651799290420676,Fogo,Cape Verde,Atlantic
44.642499178112956,3.498031480278721,14.713782845413071,10.373818286786465,0.1423267822921428,6.615188472733396,14.5834836785259,2.89665071003023,2.0246485931699185,0.509569972657221,Fogo,Cape Verde,Atlantic
44.36213807829759,4.053238629091078,13.592063372741512,10.422613617662773,0.0668428826551862,6.816348671980234,15.044727843819267,3.474204539220924,1.6253588487583273,0.5424635157730917,Fogo,Cape Verde,Atlantic
41.486743625523275,4.810351389065077,14.684764683496129,9.407585944437395,0.2336166434098693,6.982113408600786,16.278066725865784,3.3185335532157807,2.039832551059241,0.7583914753266522,Fogo,Cape Verde,Atlantic
44.642992689722604,3.5119289193683394,15.292578089814294,9.402253504591316,0.19209340314008955,6.264795392187325,13.744090698853615,3.572653915092287,2.5302081551645097,0.8464052320656317,Fogo,Cape Verde,Atlantic
43.236774516742074,4.045371776623914,15.018566964321211,9.621424766024443,0.13487885751544595,6.748912619969624,16.270942502047536,2.584266982609871,1.7990473994322564,0.5398136147136235,Fogo,Cape Verde,Atlantic
43.35225238633485,3.580005068321783,13.76692960261944,11.745634606179332,0.198911517560126,6.425907973757357,14.682043257724164,3.630286038382482,2.0112388024279677,0.606790746692518,Fogo,Cape Verde,Atlantic
43.36355398917664,4.044995569528368,14.527942008380348,9.742031408789856,0.20044755272761858,7.1087793424879715,15.829549493624626,2.7033386231996515,1.8622999404264267,0.6170620716584981,Fogo,Cape Verde,Atlantic
42.756846702762125,4.546451090794649,15.518553056579067,9.567753739961185,0.13821211316015736,6.4155476503435604,14.528437041250458,3.465406053650144,2.2631223207511146,0.7996702307475477,Fogo,Cape Verde,Atlantic
43.23456013336558,4.0260540320728815,14.111420539551933,11.430756422719488,0.12867187760795742,6.160469611890415,13.93945340752872,3.7326983362685766,2.7717055396682655,0.4642100993261923,Fogo,Cape Verde,Atlantic
42.439665163150046,3.8461264520907976,14.244912785521475,12.006426490653814,0.21499643368433477,6.318636314149168,14.34666216256091,3.693502386531639,2.3198857964992112,0.5691860151586223,Fogo,Cape Verde,Atlantic
44.13905940458058,3.144068546799308,16.19856675244174,11.223001964788466,0.22842828115095296,6.247437177135194,10.541278364026157,4.365066040701952,2.9609189227139114,0.952174545661745,Fogo,Cape Verde,Atlantic
43.97826956092284,3.5583440611953376,15.143412513305446,12.127000162579513,0.19437965690610165,6.206651853866581,12.127000162579513,3.6503702007090104,2.413129880580746,0.6014419473549131,Fogo,Cape Verde,Atlantic
42.80925649206414,3.644844715479989,14.10484229231453,11.358588102257583,0.11863414240135697,6.219458018658374,14.28657970195065,4.04870562578248,2.6049028714510722,0.8041880376398368,Fogo,Cape Verde,Atlantic
41.80825825488325,4.699853078505936,15.029312779309203,9.920776824411446,0.1567298830962632,6.641096741367083,16.10210532983773,3.1877264358562,1.8492900156729881,0.6048506570598944,Fogo,Cape Verde,Atlantic
43.46463463389056,3.4856085551097813,15.629991100146457,9.50255242978056,0.21265225680597716,6.137483651792728,14.093108941841567,3.9778126450244193,2.732234948097581,0.7639208375103714,Fogo,Cape Verde,Atlantic
46.02610544752051,3.101516905294269,15.32514235557168,7.997048491101889,0.19470633905458468,6.344933276843831,14.990665042255632,2.4528336309843564,2.7366325634949433,0.8304159478782989,Fogo,Cape Verde,Atlantic
41.372083232797216,3.765687419676272,14.578157195744069,12.135003427482252,0.15597820545307886,6.128075774111253,14.891123174323063,3.8555389425586286,2.2131742523898996,0.905178375464275,Fogo,Cape Verde,Atlantic
42.95279233557323,3.2224696037271543,15.708276594970924,11.960514140479468,0.16566928370258724,6.101478497339189,10.920030224542488,4.951895297012699,3.0474056594243595,0.969468363227884,Fogo,Cape Verde,Atlantic
42.984910443121215,4.194864927342149,15.175247706275755,9.774732764186814,0.06237495117615643,6.008321974316665,15.05567910977194,3.1805246670014586,2.7159010290870533,0.8474424277207835,Fogo,Cape Verde,Atlantic
41.4663407599769,3.4904327239037802,14.29082883815462,12.246432528439549,0.3711825885248534,8.556546506026981,11.219248041119293,4.6233274594336935,2.679555338816305,1.0561052156040296,Fogo,Cape Verde,Atlantic
42.74066680299408,4.07969889190114,15.35707994792563,12.168233419516552,0.20216274657882324,6.043623420508636,14.000554758062723,1.4810420543055505,2.651298113620121,1.275639844586756,Fogo,Cape Verde,Atlantic
41.78592810688011,4.500496182267018,14.598420418105318,11.420393501242504,0.161054202786822,6.3868089329210775,15.531325093700532,2.3568657683443908,2.2672659126883232,0.9914418810638801,Fogo,Cape Verde,Atlantic
43.40236214188812,3.5711435639613764,14.03519272204932,9.885483999680792,0.21357034554305326,6.49389514005267,15.012768334530366,3.7307477455909352,2.7232463490543455,0.9315896576490303,Fogo,Cape Verde,Atlantic
42.571529836319115,4.057787730377626,14.116670962752934,10.451572367573142,0.29552374661683206,6.665646346178631,15.516255316406754,2.799168707307643,2.497100141770847,1.0287448446964818,Fogo,Cape Verde,Atlantic
45.36894893050865,3.182888138368642,13.540067546822229,11.165694401801249,0.17398423907481325,10.336710674444786,12.526865213386554,2.1389827039197624,1.1257803704840859,0.44007778118923346,Sao Vicente,Cape Verde,Atlantic
43.43708040042933,4.798880859791386,14.231874137836256,13.115541171545223,0.2059605519223771,6.734910047861731,12.718064081206784,2.9555339200861113,1.1636771183614305,0.6384777109593689,Sao Vicente,Cape Verde,Atlantic
45.66015121874103,3.4722548455316375,13.388606183799931,11.671964238226094,0.1838252565281455,9.109562712394766,12.142679445109167,2.634828676903419,1.215289195936073,0.5208382268297456,Sao Vicente,Cape Verde,Atlantic
44.89884248883043,4.4970386285193245,15.310372421640789,12.042012643097049,0.18396976207579052,6.254971910576879,12.02957833128919,2.626679380748787,1.481978638943868,0.6745557942778986,Sao Vicente,Cape Verde,Atlantic
46.651992768899945,3.9425669087574318,15.245278307753935,11.492975766327952,0.18529035080322132,6.135169393262217,11.868876359784121,2.5734770944891854,1.3382080891343764,0.5661649607876208,Sao Vicente,Cape Verde,Atlantic
44.729480674904046,4.165630704259496,15.059571786232246,12.266508231122913,0.18377782518791894,6.493483156639803,12.3641636834761,2.613729069339292,1.480432480680458,0.6432223881577163,Sao Vicente,Cape Verde,Atlantic
38.987559260373025,4.117971314416698,11.544660873999051,12.119214163231714,0.2151179044844544,11.503686035049633,14.320706212822252,4.363820348113218,1.7311869456129902,1.096076941896982,Sao Vicente,Cape Verde,Atlantic
38.16575622351158,4.277196818152161,10.096652104388033,12.235211442916258,0.1953527392906035,15.165541602823165,15.24779538778763,2.5498673338984035,1.1618347126230628,0.9047916346091108,Sao Vicente,Cape Verde,Atlantic
41.08544108960733,4.337254437995156,14.114105890863096,12.018639191262144,0.21634760854607665,7.417632293008343,13.815340145728038,4.975994996559764,1.061133508583138,0.958110837846911,Sao Vicente,Cape Verde,Atlantic
38.434485551132916,4.066761930650257,12.548572707925857,12.805346212355207,0.2253621221015256,7.713530815565853,16.564115974462133,4.968210419056359,1.6799721829386451,0.9936420838112717,Sao Vicente,Cape Verde,Atlantic
44.175219167460384,2.7463832058687228,12.708356236750474,12.18667719980633,0.19255085207197686,12.100300914417915,11.360500272246636,3.040276611662793,0.9019487281266286,0.5877868115881398,Sao Vicente,Cape Verde,Atlantic
43.54880022083549,3.754383293644967,12.910168165067978,11.685038217882843,0.18413869015152426,11.488208280008987,11.580277625084747,3.1712774414984732,1.2889708310606698,0.38873723476432903,Sao Vicente,Cape Verde,Atlantic
44.76787724158506,2.730982118216893,13.118828916027075,11.081245180575166,0.18206547454779284,11.358862662065077,11.854485342778514,3.206375301758352,1.2542288246625728,0.44504893778349364,Sao Vicente,Cape Verde,Atlantic
44.01185366850603,3.494788473329246,11.516452074391987,11.577764152871449,0.17371755569180464,11.577764152871449,14.101778050275904,2.094829348048232,1.032086654404251,0.41896586960964644,Sao Vicente,Cape Verde,Atlantic
44.65307761823476,2.701074405060749,13.394919168591224,11.336479566221506,0.1807410382568531,10.814338789035043,11.969073200120492,3.283462194999498,1.2551460990059242,0.41168792047394315,Sao Vicente,Cape Verde,Atlantic
41.54302670623146,3.3561854087792895,10.8359766704185,12.176404379412666,0.17394863399160954,15.542822060779699,12.401514376342984,2.8138749616289775,0.6139363552645042,0.5423104471503121,Sao Vicente,Cape Verde,Atlantic
39.917780061664956,3.7923946557040074,11.654676258992804,12.106885919835559,0.18499486125385403,13.04213771839671,14.563206577595064,2.8263103802672145,1.2846865364850975,0.6269270298047276,Sao Vicente,Cape Verde,Atlantic
39.49741615158577,4.124024723882865,11.11561455061303,11.885702705441279,0.1925220387070625,13.547471881649608,13.973046914581008,3.333671091295977,1.4591143986219473,0.8714155436214408,Sao Vicente,Cape Verde,Atlantic
45.51535421100639,2.7566636262288444,13.114421810073985,10.418566940306071,0.18242626938279113,11.857707509881424,12.334042768825379,2.097902097902098,1.2668490929360496,0.4560656734569779,Sao Vicente,Cape Verde,Atlantic
44.61238574793649,3.763849556205217,12.952975448193977,12.231540866473448,0.18460297550870272,9.568587563867759,11.968426245480893,2.522907331952271,1.6204038961319462,0.5743203682492976,Sao Vicente,Cape Verde,Atlantic
39.84938477734391,3.212348364704254,10.907752516859698,12.209365577259716,0.18298186887555876,15.807600338971884,13.144197580894303,2.958206880154867,1.0064002788155733,0.7217618161202595,Sao Vicente,Cape Verde,Atlantic
44.34294543994508,3.873543370239887,11.144042313857684,11.67915509217431,0.18252298603224595,13.080813998977629,12.462263879646127,1.1052780820841563,1.5210248836020497,0.6084099534408199,Sao Vicente,Cape Verde,Atlantic
40.915805031279135,3.726168911024666,11.22997315449699,11.580687995298687,0.17498583283817493,13.978280058484795,14.204732312745966,2.285109111180873,1.101381418452042,0.802876174198685,Sao Vicente,Cape Verde,Atlantic
44.85173086155477,2.8422894613389764,12.72982833216712,12.161160795853949,0.21165985350396632,11.923505080723437,10.744257325487053,2.892684664554207,1.1590896739502916,0.48379395086620874,Sao Vicente,Cape Verde,Atlantic
43.51116321629222,2.9747739777938014,13.814361348932861,11.683850638717592,0.16300131385171515,10.7580867142132,13.040105108137212,2.3227687223869404,1.1613843611934702,0.5705045984810031,Sao Vicente,Cape Verde,Atlantic
38.74074825103924,4.288755956605496,10.432931156848829,12.501267362871339,0.20277805941397142,15.47196593328602,13.870019263915644,2.473892324850451,1.0443070059819528,0.9733346851870628,Sao Vicente,Cape Verde,Atlantic
44.29237631792376,3.061638280616383,10.583941605839415,12.246553122465532,0.1723438767234388,14.679643146796431,12.053933495539336,1.6119221411192215,0.8617193836171938,0.43592862935928633,Sao Vicente,Cape Verde,Atlantic
43.86782890735861,3.608351915669978,10.835191566997771,12.244070545307116,0.16217311980539226,14.109061423069127,11.544698966146361,1.9663490776403811,1.307520778430975,0.35475369957429553,Sao Vicente,Cape Verde,Atlantic
39.44675245718916,4.113891985003545,11.10548181173371,11.86543722768264,0.19252203870706247,13.679197487080755,13.94264869794305,3.3336710912959764,1.448981659742628,0.8714155436214406,Sao Vicente,Cape Verde,Atlantic
39.184666869485845,4.1679342865835105,10.323496602778622,12.554507656424295,0.17239630869080214,13.65987222391238,15.97201095223608,2.038332826285366,1.1357874454923433,0.7909948281107393,Sao Vicente,Cape Verde,Atlantic
43.348205232204414,4.0559724193875475,11.488541877915228,12.54309470695599,0.17237882782397076,11.995538430338671,13.009531535185559,2.0685459338876493,1.0545528290407624,0.2636382072601906,Sao Vicente,Cape Verde,Atlantic
41.603324212019864,4.3883652579304755,13.671835410965846,12.202290463160029,0.23310023310023315,8.756460930373976,14.847471369210503,2.6350461133069834,0.8513225904530254,0.8107834194790717,Sao Vicente,Cape Verde,Atlantic
45.50334211059347,3.078792789143204,14.553372493417053,11.464452096414826,0.16204172574437917,8.567956248734049,11.991087705084059,3.0382823577071094,1.1950577273647962,0.4456147457970427,Sao Vicente,Cape Verde,Atlantic
41.667510890487286,4.163711883294499,13.960085097761116,11.711072839631242,0.2127444027960693,7.790497416675109,14.243744301489212,4.052274338972748,1.1751595583020968,1.023199270590619,Sao Vicente,Cape Verde,Atlantic
43.569474004256605,3.8714908280125666,14.675179892571194,12.080672950238165,0.1722914766393027,7.783520826999086,12.992804297152121,2.827607175433262,1.4290057768318634,0.5979527718658152,Sao Vicente,Cape Verde,Atlantic
42.458667207627556,4.0572066132467794,14.474084592757889,12.90191703012476,0.19271731412922205,7.698549548635765,14.514656658890356,2.982046860736383,0.5071508266558474,0.21300334719545597,Sao Vicente,Cape Verde,Atlantic
41.8576353680795,4.045832488339079,14.581220847698237,12.461975258568241,0.21293855201784626,7.452849320624619,13.770026363820726,3.6300953153518556,1.1153924153315757,0.8720340701683227,Sao Vicente,Cape Verde,Atlantic
46.13436011753977,3.8605735130205696,14.226365386563987,11.946499138717193,0.15199108318978619,7.011855304488804,13.223224237511399,1.996149559225859,0.9626101935353126,0.48637146620731586,Sao Vicente,Cape Verde,Atlantic
41.05551053484602,4.163290113452188,14.353727714748782,11.730145867098864,0.2025931928687196,6.756482982171798,14.6677471636953,4.9027552674230135,1.2459481361426255,0.9217990275526741,Sao Vicente,Cape Verde,Atlantic
45.76236820762368,4.55190592051906,14.233576642335766,12.398621248986213,0.16220600162206003,6.396999188969992,11.85117599351176,2.564882400648824,1.4902676399026764,0.5879967558799675,Sao Vicente,Cape Verde,Atlantic
45.00861457383196,4.337691294213034,14.746123441775616,11.969190230059795,0.16215668389581434,6.303841086449783,12.952265126178169,2.6755852842809364,1.2161751292186074,0.6283571500962805,Sao Vicente,Cape Verde,Atlantic
43.9217276690662,4.268478150664098,14.387103315421271,12.521545168812734,0.18250025347257426,6.296258744803812,11.98418331136571,4.288755956605495,1.5005576396633884,0.6488897901247084,Sao Vicente,Cape Verde,Atlantic
42.10845198424719,2.7971321821670196,11.996364737958192,12.137736039583961,0.2019590023225285,14.339089164899521,11.61264263354539,3.705947692618398,0.5654852065030799,0.5351913561547006,Sao Nicolao,Cape Verde,Atlantic
43.60578402215158,3.558609373397601,13.53707312070557,12.039790790688135,0.18459645164598504,11.14757460773254,12.726899805148193,2.0305609681058354,0.7486411650087171,0.4204696954158548,Sao Nicolao,Cape Verde,Atlantic
40.70235459851076,3.1294022942241893,12.35661098812638,11.722680619843025,0.19118534916482186,12.69873213926343,13.735157979472728,3.9545180116723677,0.7647413966592874,0.7446166230629904,Sao Nicolao,Cape Verde,Atlantic
40.45855737039668,2.9420716242264384,11.971187988231717,11.798721720604648,0.21304656589225934,12.681343207872581,14.253829765648781,3.7232423658313896,1.095668053160191,0.8623313381353354,Sao Nicolao,Cape Verde,Atlantic
42.44873219517123,2.8386705727851296,12.41539549449439,11.718355389433274,0.20204061016264266,12.273967067380543,13.011415294474189,3.3033639761592077,1.1011213253864025,0.6869380745529851,Sao Nicolao,Cape Verde,Atlantic
45.46854151698655,2.9559683875602993,13.99979472441753,11.60833418864826,0.1847480242225187,10.489582264189675,10.992507441239864,2.7301652468438875,1.0674330288412193,0.5029251770501899,Sao Nicolao,Cape Verde,Atlantic
41.676721545930135,3.0894081378523794,11.731674039818511,11.871099231001892,0.20192210051322743,15.265310798799991,11.832635090075126,2.927870457441797,0.7269195618476186,0.6764390367193118,Sao Nicolao,Cape Verde,Atlantic
41.52070466740913,2.915865141237218,11.379973676217475,12.341804191556141,0.20249063480814014,15.277918396274174,11.450845398400325,3.614457831325301,0.6783436266072694,0.6175964361648274,Sao Nicolao,Cape Verde,Atlantic
43.91260282644853,3.5298858142657235,15.447109642019974,11.186837967600011,0.18524182115680182,9.282673482413069,12.63760868780848,2.274357915314067,1.0291212286488989,0.5145606143244494,Sao Nicolao,Cape Verde,Atlantic
44.6697887112858,3.1191129938054414,12.118520975932617,11.723988975316159,0.16362559967503956,12.302599775567035,11.66855057682626,2.679369194678773,1.0124333979893072,0.5420097989235685,Sao Nicolao,Cape Verde,Atlantic
46.42466124090311,2.8288902816858754,14.617647601002288,9.660674713580516,0.16458998002536002,9.854825054018432,10.379455615349267,3.8987251518507153,1.5944654314956754,0.5760649300887601,Sao Nicolao,Cape Verde,Atlantic
42.696398136788,3.988972424048578,15.554936282436852,11.52294669752048,0.22617884878625957,6.929297458269952,12.758543242897641,3.557176440002082,1.94308192820923,0.822468541040944,Sao Nicolao,Cape Verde,Atlantic
42.07332468327989,4.174827726901988,15.267070738524788,11.841046613668226,0.21331236560813074,7.557352381545204,13.753568715876622,3.1285813622525844,1.361136047213787,0.6297793651287671,Sao Nicolao,Cape Verde,Atlantic
42.03478531375542,4.250365052336568,13.250538532464123,12.444518466256275,0.3159743803895291,10.294649167529817,13.831523683502933,2.313747882207197,0.7440687022076007,0.5198288193505156,Sao Nicolao,Cape Verde,Atlantic
44.14174703071208,3.726118794220608,15.996789453544363,10.746694197614312,0.2654221606842077,6.278254954645683,11.964414320072748,4.185503303097121,2.0212918390566585,0.6737639463522196,Sao Nicolao,Cape Verde,Atlantic
42.894231489013634,4.331932769537008,15.586860899735958,11.701445136820453,0.2833974709042902,6.710447257483727,13.228589088282403,3.7246524747420997,0.921041780438943,0.6174016330414892,Sao Nicolao,Cape Verde,Atlantic
42.60294972224101,3.09839634343571,12.65857979785247,11.930122356486974,0.2649944241096331,13.606444468706158,12.801269103142273,1.7734242228875443,0.815367458798871,0.44845210233937904,Sao Nicolao,Cape Verde,Atlantic
41.37998215596534,3.9943247981133743,13.92918877301271,11.279117303129716,0.15284406115229748,12.869469949023449,11.768992708726907,2.5270218110513185,1.701663880828912,0.39739455899597353,Sao Nicolao,Cape Verde,Atlantic
42.59012642965067,3.5839647390000082,13.460231207267077,11.19505552966458,0.20363436017045503,11.434069323571048,13.07332592294321,2.6472466822159153,1.22180616102273,0.5905396444943195,Sao Nicolao,Cape Verde,Atlantic
40.94675730782906,4.010355436979742,12.175027788164138,12.512553697888077,0.21594221583737072,13.367851456599139,12.977098875560086,2.2314028969861637,0.8740518260084053,0.6889584981478019,Sao Nicolao,Cape Verde,Atlantic
41.87784596309936,3.4761883856088334,12.861897026752683,10.45747682011128,0.15336125230627207,11.542990256918744,14.395509549815404,3.3739475507379852,1.206441851476007,0.6543413431734275,Sao Nicolao,Cape Verde,Atlantic
38.267325915710074,3.0405018183429355,12.602214607340583,11.723073469457452,0.2764092562129941,14.199245865460105,14.414230842514655,3.0200270586234543,1.289909862327306,1.1670613040104196,Sao Nicolao,Cape Verde,Atlantic
40.93663430506815,3.0327240381705436,12.346784982518043,11.136045471368895,0.25701051170936806,13.302864086076891,14.55707538321861,2.755152685524426,1.048602887774222,0.6271056485708582,Sao Nicolao,Cape Verde,Atlantic
43.46562637083306,2.982027832396874,17.14151860898479,9.346353895135037,0.3393342016175753,6.735269759379146,12.545082605255814,4.524456021567672,2.1902480286225314,0.7300826762075106,Sao Nicolao,Cape Verde,Atlantic
41.13482350561344,3.2871447355112777,12.481035703448974,11.965206837261052,0.19217153838373624,13.37109335491049,12.703550116314355,2.852230201274401,1.254172145241226,0.7585718620410641,Sao Nicolao,Cape Verde,Atlantic
39.90481812744699,4.219570522745351,11.867797888778718,11.914930576346359,0.2046348459139352,12.556394145279121,13.124255842690284,4.000611237617436,1.3352423695884292,0.8717444435933657,Sao Nicolao,Cape Verde,Atlantic
42.8380051555808,4.065601721233279,12.097347108612253,12.046603202955323,0.19181196338319764,12.38455761463048,12.477926401039232,2.0733959851421844,1.294984472364869,0.5297663750583553,Sao Nicolao,Cape Verde,Atlantic
44.94833602359227,2.905100763381639,14.899824764827082,10.82111922107761,0.2066992047574193,9.208912331356657,11.33760563408233,3.6712246815123737,1.4787734151301883,0.522403960282433,Sao Nicolao,Cape Verde,Atlantic
42.39046852877962,3.96367468809965,14.937476286352236,11.736082671037288,0.2413743331701,7.290531986559028,12.636716685071242,3.7592768485215644,2.076846390084859,0.967551582324401,Sao Nicolao,Cape Verde,Atlantic
41.96767893685678,4.95020726074654,14.005614335495187,13.009300049148653,0.2171413075270566,8.51869931463459,11.62935097010475,3.472212417531711,1.4185882590800678,0.8112071488746656,Sao Nicolao,Cape Verde,Atlantic
44.69561080416877,2.7294632630206603,13.022399202312625,11.971950329879663,0.19964074152379607,12.110498523581535,11.357686560752285,2.079591057539548,0.9732486149285082,0.8599109022926034,Sao Nicolao,Cape Verde,Atlantic
43.2720162164783,3.190715778229783,11.694469293395295,11.824445477074331,0.20561931342866774,13.304292862851844,13.190633945881228,2.1388541648107617,0.6003257341811854,0.5786272136686131,Sao Nicolao,Cape Verde,Atlantic
39.99013178726331,2.9652890620654477,11.601151779354222,11.862612095379502,0.21460686322533531,13.287053772191717,14.988432221511797,3.301644049620542,0.91930151506622,0.8697768543219115,Sao Nicolao,Cape Verde,Atlantic
43.694010018919464,3.422825436279966,12.050024696254548,11.772399687632388,0.19146525772789563,13.091309012346885,12.02340385828169,2.395875417557617,0.8836070450223193,0.47507956997723744,Sao Nicolao,Cape Verde,Atlantic
44.40082546444428,3.079843971839229,14.592815596680285,10.69382948122981,0.208838026959223,8.237729697084587,12.203584506072627,4.125067958253957,1.7813263388650566,0.676138958570949,Sao Nicolao,Cape Verde,Atlantic
44.50488429645542,2.9733133685773048,12.892946357331716,11.302506606631193,0.19169368684761873,11.80462090942275,12.093192050913778,2.9372419758909336,0.8275808093475142,0.4720199385817701,Sao Nicolao,Cape Verde,Atlantic
44.23933191801273,4.006878093449943,13.159093180220943,11.71401437632755,0.1812832643106878,10.816913405326858,11.449850973863086,2.465452394625352,1.5300307507822093,0.43715164308063004,Sao Nicolao,Cape Verde,Atlantic
43.954993293088265,4.142295673850906,12.967096294663158,11.999805723304124,0.18248912105075357,10.86847140257948,11.69381992733181,2.0322652117015716,1.736757260000071,0.42200609242986675,Sao Nicolao,Cape Verde,Atlantic
44.25813288203493,4.164074417665852,12.848435917042844,11.660291817239605,0.17965508273589298,10.583129873809828,11.937770497657478,2.085650960497149,1.8523058530355876,0.4305526982808473,Sao Nicolao,Cape Verde,Atlantic
43.88923225168602,4.229139620033629,13.046750752400538,11.575359413645362,0.18018371544707468,10.704362451588526,12.146867713759722,2.5474249425276096,1.1929404608909744,0.4877386780205294,Sao Nicolao,Cape Verde,Atlantic
42.77080255731941,4.4320380434121285,13.357443069951463,11.495184948125956,0.18194252115483361,9.214673192195646,12.942450577879283,4.446348129345654,0.6000014602128502,0.5591155004027758,Sao Nicolao,Cape Verde,Atlantic
43.77320276427184,4.097240269916475,15.353439658214402,12.25892459793537,0.21403493947324917,7.384205411827079,11.652673633322163,3.169755532199066,1.4330148804732792,0.6635083123670716,Sao Nicolao,Cape Verde,Atlantic
43.94483791614069,3.4383772276081372,14.032185491454415,11.859310335548155,0.20388470449762197,9.6143420452547,12.213615891035936,3.3810026373977515,0.7315260251824232,0.5809177258801596,Sao Nicolao,Cape Verde,Atlantic
44.564270929708336,3.6223024482125163,14.27993488505189,11.850126091757154,0.20414562084233734,8.6736242423214,12.584192617452011,3.077572173502566,0.619617864265183,0.524213126886604,Sao Nicolao,Cape Verde,Atlantic
44.39061666647143,3.609928651639175,14.104815135744458,11.644068449008941,0.19621410713235196,9.102896352354792,11.670116528918912,3.667457395091593,1.183448436735435,0.43043827690290687,Sao Nicolao,Cape Verde,Atlantic
43.90329994058361,3.601653448481627,14.126507827203516,11.752360542138096,0.2057505646474235,9.09173039625198,12.378646594852153,3.554799359502513,0.8515221388378508,0.533729187501236,Sao Nicolao,Cape Verde,Atlantic
44.00930910352089,3.200940369221033,12.340276898535386,11.83654286222421,0.19139430132704935,13.186550079538275,12.319585622716254,1.7897953583556545,0.6817775382406789,0.44382786632056365,Sao Nicolao,Cape Verde,Atlantic
43.75146479310084,3.172741856469272,12.026095141457146,11.95615736884648,0.1905489135625712,13.305641340595106,12.451244599137079,2.274293484456502,0.4456385881705307,0.42617391420446127,Sao Nicolao,Cape Verde,Atlantic
45.88148914396751,3.0475579398091686,13.219330227711232,11.715578317383756,0.19053605307399393,10.873800847089065,11.921239684308663,2.068386030696289,0.6103267154616152,0.4717550404987113,Sao Nicolao,Cape Verde,Atlantic
45.80501410581651,2.9857052517792138,12.997548360497845,11.491636548405172,0.195618648715018,11.033295124946987,11.67863499699654,2.68219384320592,0.6765985221019437,0.4537545975348354,Sao Nicolao,Cape Verde,Atlantic
45.843405510430685,3.09284975145543,13.064711974206745,11.62659189874006,0.19400510160994755,10.940866651318945,11.895575967136294,2.34848280896253,0.5350456486505935,0.4584646874887714,Sao Nicolao,Cape Verde,Atlantic
41.431776648967556,3.3908438991932237,12.558258515611035,12.364993066002075,0.2022681432678734,13.65776739696461,12.455568535182746,2.09529050974926,1.0600925252295754,0.7831407598320241,Sao Nicolao,Cape Verde,Atlantic
44.44387877496214,3.531667477780614,14.526423747173114,11.721536464819545,0.21462610536051532,8.651161261095673,11.744421860154109,3.73307017380613,0.7730608534312411,0.6601532814169414,Sao Nicolao,Cape Verde,Atlantic
45.376774963722504,3.3074254941153347,14.5643130048061,10.935391649358548,0.1929927194775542,8.854179209470232,12.242273618076174,2.8693626546662885,1.2120759683590325,0.44521071794822065,Sao Nicolao,Cape Verde,Atlantic
44.76022011893912,3.481225532050939,14.158959863623451,11.43827659978004,0.198284719089219,9.33777934844901,12.36417653001175,3.1071419898516877,0.6480026386730162,0.5059326595317712,Sao Nicolao,Cape Verde,Atlantic
45.238502556757425,3.4472109462014697,15.32821589379848,11.957945848781302,0.20675077527692937,7.982422259330554,11.197294463017855,3.305965367051887,0.7840153161491478,0.5516765736349744,Sao Nicolao,Cape Verde,Atlantic
43.29386969525003,3.2962202043467634,13.177652264307376,11.608220290892712,0.1786485261127788,11.938471736357496,12.374250222019882,2.777829683487724,0.7197573566509075,0.63508002057433,Sao Nicolao,Cape Verde,Atlantic
43.09587833072297,3.5377443863976414,14.488395445776181,11.759046822792502,0.2108861876160263,10.175001374195697,11.141991697898474,4.011981130256123,0.8013675129409018,0.7777071114034942,Sao Nicolao,Cape Verde,Atlantic
44.29923449324737,3.3254254926318567,13.575306418730385,12.277888118275579,0.20468904207662872,11.785563035748742,11.175610262123428,1.7588857384474057,1.072817441637804,0.524579957080806,Sao Nicolao,Cape Verde,Atlantic
44.5535484574143,3.2564668122737443,13.738027234787376,11.149075741895272,0.20493812537909084,11.210115458236212,11.883337200106576,2.6334549111213157,0.7920858545901851,0.5789502041959307,Sao Nicolao,Cape Verde,Atlantic
44.86135466290973,3.101378977175869,12.884149081982049,11.073646082398007,0.19268316183379505,12.664818248830812,11.16127464026605,2.9517420536240864,0.6477433951008421,0.4612096958787636,Sao Nicolao,Cape Verde,Atlantic
43.336313192987795,4.609761085370051,14.23855626773554,12.104735250181605,0.21240751236252228,8.183387964093662,12.156962646582818,3.5228563025979245,0.8744972704096028,0.7605225076784938,Sao Nicolao,Cape Verde,Atlantic
43.647059784466784,3.1524543381437518,12.769147174719475,10.40594410231892,0.21106028387965992,11.584519600983079,12.287019271347315,4.231551769940247,1.0449553270512562,0.6662883471495161,Sao Nicolao,Cape Verde,Atlantic
42.261149600637985,3.832446096981828,11.988913376985016,11.717815681178422,0.18906734078443693,12.780952237027913,12.016506988883254,2.8819994649303324,1.7445294633461264,0.5866197492446843,Sao Nicolao,Cape Verde,Atlantic
42.67789954895874,3.028911965314389,11.97806269459628,12.154418960203994,0.1966958308565532,12.716945997036621,12.337822426680983,3.3937674443125574,0.7888216221915665,0.7266535098483035,Sao Nicolao,Cape Verde,Atlantic
40.15125228020256,3.0004123844268786,11.607397398456884,12.033643465174835,0.21095049528735052,14.215605706694209,13.639075955010743,3.041373645647728,1.1919727015265875,0.9083159675722334,Sao Nicolao,Cape Verde,Atlantic
45.66702994396209,3.424819366017726,15.655426188454905,11.134512492741159,0.2109979761158119,8.563607513390016,9.96263842891653,3.4300163605033465,1.300288020299899,0.6506637095985125,Sao Nicolao,Cape Verde,Atlantic
45.30496019065697,3.4717114199062484,15.698262772273704,11.175795560758166,0.19944092847551412,8.02801139415099,10.186908042597254,3.9065748876647115,1.4001986834208808,0.6281361200955637,Sao Nicolao,Cape Verde,Atlantic
44.46176534172977,3.3641657450738194,14.124328439993528,11.499186302634083,0.19327158043895679,10.190683332235938,11.912557412510248,2.9352475318001923,0.8743730323601996,0.4444212812232688,Sao Nicolao,Cape Verde,Atlantic
44.171428378030555,3.2327793425799993,13.524475604084737,12.46636111102135,0.1964220360048603,9.541814217798631,12.290699690429111,3.0077124263244333,0.9933635258370828,0.5749436678892281,Sao Nicolao,Cape Verde,Atlantic
41.436869837454445,4.9337371952166125,13.892123881015845,12.5604386695301,0.23338686587577048,6.602096581411536,12.067833532030592,5.034633700551553,2.1677461297718925,1.0711336071416384,Sao Nicolao,Cape Verde,Atlantic
44.24490359696454,3.347635166569416,13.565271393424377,11.712674883999696,0.1952872832816058,10.598960343157405,11.950553909027521,2.8573613027519156,0.9702694495675552,0.5570826712559487,Sao Nicolao,Cape Verde,Atlantic
44.58501405884483,3.727970791010541,15.697851717287087,12.070920927916104,0.2295397078577136,6.456829014336829,10.807836155246871,4.47807376490271,1.1210555374836502,0.8249083251136564,Sao Nicolao,Cape Verde,Atlantic
44.54628561801358,3.399826328567679,14.112948140888863,11.568845816502865,0.19363519257429873,9.797940744259511,11.436705952993606,3.210267666363372,1.1434667687808562,0.5900777710553622,Sao Nicolao,Cape Verde,Atlantic
41.3955320492628,3.107540370955749,12.211320612628969,12.056505715500572,0.19441212278170553,13.549812452722874,12.77012823256167,3.3589529066996295,0.7216659426818292,0.6341295942042028,Sao Nicolao,Cape Verde,Atlantic
45.577468052699594,2.610475744489293,12.525623818630272,11.848579836552906,0.1803122555370955,12.593494162006586,10.833930185220447,2.4818259891341783,0.8134311303162232,0.5348588254134063,Sao Nicolao,Cape Verde,Atlantic
44.86559297249574,3.4573458520486087,15.047393546886573,11.121113832461656,0.19975776034058698,8.11016506982781,11.436387879191342,3.8005194403260307,1.2139125436081815,0.7478111028134778,Sao Nicolao,Cape Verde,Atlantic
42.4153432707169,3.6494779814441087,12.576407663637108,12.227154847532557,0.18848041788389006,11.398922855208628,13.086961762630306,2.8996987366752287,0.855411127319192,0.7021413369520729,Sao Nicolao,Cape Verde,Atlantic
47.83089275849029,2.507897872555654,15.353253642534773,9.910976422324131,0.18496650975997558,9.29792544592326,9.010659022944083,4.391662941228481,1.1066990611895757,0.40506632304978,Sao Nicolao,Cape Verde,Atlantic
42.93083496153324,3.0630421168518978,11.696811163757205,11.909396033904041,0.19512553912042235,14.45537167011346,11.031025670384713,3.044816104956036,1.187907128271583,0.48566961110742374,Sao Nicolao,Cape Verde,Atlantic
42.57079633662143,2.958725891575376,12.358770293228714,11.881335907779688,0.17734009822050129,13.784625450760238,11.82063482276654,2.751829110318126,1.1048084279943897,0.5911336607350051,Sao Nicolao,Cape Verde,Atlantic
42.32162300014708,3.0665616897817887,12.176144111814656,11.90213659024891,0.17406193230814831,13.754988227221562,11.89559723268271,3.4505218345791717,0.6982955166715125,0.5600698645444536,Sao Nicolao,Cape Verde,Atlantic
43.65602344032398,2.592595166987933,13.803263596572151,10.09740743470942,0.19572556398999788,10.199248892107107,12.227211672924904,4.9904895111585805,1.4797262534112965,0.7583084678146513,Sao Nicolao,Cape Verde,Atlantic
42.92532789038964,3.7272130359032154,12.950905378694422,10.826299235896776,0.18249424823094557,10.234112474239323,13.439618789211202,3.7529890596646474,1.2939563928239346,0.667083494945887,Sao Nicolao,Cape Verde,Atlantic
43.4854924811627,3.2256930615862864,13.25254619278222,11.780260685043956,0.17590970405606923,11.591631312624914,11.741972745742627,3.2011475214854417,0.9869352582215484,0.5584110372942649,Sao Nicolao,Cape Verde,Atlantic
42.969478467427216,3.697450331903952,12.318315178701159,12.010563927853637,0.1739613324308932,13.125331064061047,11.367189313812712,2.7895574608740814,0.9531845788816982,0.5949683440535867,Sao Nicolao,Cape Verde,Atlantic
44.151494769230844,3.641127504807023,14.046989358646368,12.53592788156864,0.18893611418062403,10.532161538862276,11.233484180087101,2.3719696943328374,0.7393152294024424,0.5585937288818457,Sao Nicolao,Cape Verde,Atlantic
44.111194135531406,3.3798200491228227,13.788767509378097,11.525477765743847,0.19496998773254515,9.452471656562157,11.728822822235353,4.113764662629103,0.9707667975583806,0.7339446135062839,Sao Nicolao,Cape Verde,Atlantic
45.33318513025015,2.4788227386432857,12.566055154856423,11.367246907825237,0.18115261137071148,12.904820772730453,11.08203658713023,2.742875697590428,0.8576603860376033,0.48614401356546755,Sao Nicolao,Cape Verde,Atlantic
43.95672448704727,3.3229220927134815,13.024139019811894,12.035491989446905,0.18177016979194835,11.724175951580719,11.580189468767985,2.82867061979605,0.8332834750012909,0.5126327260424616,Sao Nicolao,Cape Verde,Atlantic
43.93119453802428,3.198510915746632,11.997228823406475,11.802109938865193,0.17900204996983007,12.831889810694436,12.572081121023906,2.5469434538564495,0.47358828077732307,0.4674510676355002,Sao Nicolao,Cape Verde,Atlantic
43.85422519954509,3.9362508590245677,14.223599083323549,12.155746393581634,0.18992027491013477,8.918084306801715,12.029305154388691,3.175548682637198,0.8699573882980374,0.6473626574893846,Sao Nicolao,Cape Verde,Atlantic
44.463675312494686,3.0176505287171365,13.614301654541997,10.932126559771275,0.18360280239305474,10.267396938293148,12.182404938672205,4.143884478591862,0.7764654827460485,0.41849130377858373,Sao Nicolao,Cape Verde,Atlantic
44.19113161730378,3.2759970762527764,12.963632987558196,12.694833868216252,0.21001314167028293,8.710347034225888,13.241224615409491,3.0670236036006626,0.9668921868978367,0.6789038688648256,Sao Nicolao,Cape Verde,Atlantic
44.018077123788935,2.9909878128316723,11.518352997842237,11.370403994881398,0.16645317589557537,13.751513618553085,12.965771918673392,1.860967183925687,0.7805723465910522,0.5768998270169627,Sao Nicolao,Cape Verde,Atlantic
42.73608396608056,3.565116209411349,11.860035639454196,11.888492713500055,0.1760932616433679,13.257454095887233,12.06702245577181,3.1820361314503396,0.7054028317292819,0.5622626950718074,Sao Nicolao,Cape Verde,Atlantic
44.682876504743014,2.7567841545342686,13.409580662401583,11.59317302641047,0.19075961783607667,10.018982293766845,13.189078953612619,2.420390849963129,0.9753354653876827,0.7630384713443067,Sao Nicolao,Cape Verde,Atlantic
42.49044132160162,3.702157836908166,11.386347588445132,12.21420288669913,0.18212394028147405,14.22727526707311,12.105582810234703,2.3974507392985065,0.7583352767652346,0.5360823326929276,Sao Nicolao,Cape Verde,Atlantic
41.93376801642113,3.7761529462249728,13.67521475933153,12.409669703868548,0.19804280397321145,11.012411255132221,12.675765582803555,2.698718002329262,0.966613063952153,0.653643865963399,Sao Nicolao,Cape Verde,Atlantic
42.3339975913316,3.5912922784172747,12.939516271409257,12.009239530057027,0.18960875328401733,11.897180584437121,12.516227541104955,3.074736539740821,0.8127553586714908,0.6354455515464361,Sao Nicolao,Cape Verde,Atlantic
45.06722828649535,3.4551781272711244,12.568017913164518,12.024901406697603,0.17250220665127775,11.274251363279912,11.157196294480846,2.443781260893098,1.368722865869958,0.46822027519632486,Sao Nicolao,Cape Verde,Atlantic
44.76103801069269,4.108067426249719,13.274654896647531,11.932116483999275,0.18164205586502613,9.435882378802383,12.890249615630825,1.4996030193507939,1.3792123544169976,0.5375337583447579,Sao Nicolao,Cape Verde,Atlantic
44.93212926876082,3.419626032411427,12.565185021124714,11.830233573520971,0.17159413782709657,11.952348814599292,10.873757091114697,2.5432702570801875,1.2716351285400938,0.4402206750207069,Sao Nicolao,Cape Verde,Atlantic
44.208116494771375,3.508074903433038,12.810178002193403,11.674218399704841,0.174735638319255,10.775021744122009,12.612829516562154,2.1687776285507483,1.4945036359776291,0.5735440363655536,Sao Nicolao,Cape Verde,Atlantic
44.78997060435682,3.545881320492271,12.762889774871011,12.575398417467959,0.17226113526535494,11.54876008655499,11.850735932110569,1.8263831208856884,0.48461415764409976,0.44310545035124327,Sao Nicolao,Cape Verde,Atlantic
42.67471801788543,4.185456683169678,14.87737724770303,12.583659022713192,0.2344764726257447,7.665418076456606,11.643254623072208,3.91482745044745,1.418221131784784,0.8025912741418654,Sao Nicolao,Cape Verde,Atlantic
44.8563968079857,4.00958649949565,16.487235096016658,11.690509218536842,0.22129813010556723,6.100906269308451,11.400524522500053,3.1988592266444535,1.3225447491143132,0.7121394802923218,Sao Nicolao,Cape Verde,Atlantic
44.921707754313154,2.9094613103120417,12.809335568413868,11.65400946067528,0.1895211018170334,11.950242661825673,12.066871032174646,2.207608438747858,0.817439917177864,0.4738027545425835,Sao Nicolao,Cape Verde,Atlantic
45.16464653811429,3.1375035853727926,13.171353022064155,11.281052462843263,0.18075307071214747,10.872913406985854,11.806461936970724,2.9372373990724046,0.8452260067960092,0.6028525710683561,Sao Nicolao,Cape Verde,Atlantic
40.171275246789236,3.3956855757564552,11.782815638281447,11.268287923958992,0.18689983426239484,13.087051438242927,14.018503329648427,3.4434262942908735,1.6374050697335985,1.008649649035646,Sao Nicolao,Cape Verde,Atlantic
43.484946105446745,2.9608423902444647,11.152710673536404,11.406650729721237,0.1685779828814132,13.980734046965182,12.817035122711134,2.6972477261026113,0.7805671449781802,0.5506880774126175,Sao Nicolao,Cape Verde,Atlantic
42.30247758103624,4.011689750207035,12.157289189247447,12.455603961047824,0.18384343709346157,12.316483226954084,12.256913845102584,3.1017160895097975,0.613153809747466,0.6008291100540487,Sao Nicolao,Cape Verde,Atlantic
41.856423534413715,3.8639982963595103,10.707575389517151,12.71592798639195,0.18399991887426306,14.47093284627146,12.36560780766038,2.8565733261694897,0.49507160492688357,0.4838892894151878,Sao Nicolao,Cape Verde,Atlantic
43.99254291398619,3.9125821883839675,12.107551983479569,11.464292292252384,0.16651459444036232,10.822427076694478,14.098576183260361,2.104417573908873,0.7018130452793171,0.6292821483144968,Sao Nicolao,Cape Verde,Atlantic
44.003810024580986,3.4314179202347757,11.364613884940676,12.092628313693305,0.18796568035370068,12.63233797354841,12.852675521074142,2.004967257106134,0.893881235459818,0.5357021890080457,Sao Nicolao,Cape Verde,Atlantic
43.701701391675144,3.374652754133958,11.241248941048857,11.752675156318555,0.1812102583533111,13.556598299208861,12.711640751687156,2.0502646373688975,0.8905189839077022,0.539488826297573,Sao Nicolao,Cape Verde,Atlantic
43.10940877568804,3.431506860732563,11.070583441709413,11.876867560424488,0.1838863803662313,14.146784414954663,13.000870982502926,1.703806010172996,0.9651437703967751,0.5111418030518977,Sao Nicolao,Cape Verde,Atlantic
43.59935342257476,3.586410207821115,11.129662867797517,11.87364733734885,0.1763466177252747,13.636080475940124,12.691739120665769,1.7947703105767578,0.9746020174876114,0.5373876220622263,Sao Nicolao,Cape Verde,Atlantic
43.538665659058864,3.58625165056821,11.162928130425644,11.786586042213118,0.18009789310882693,13.80366584217251,12.740878856675605,2.010395085865972,0.6575667260019955,0.5329641139092611,Sao Nicolao,Cape Verde,Atlantic
43.10663496855051,3.6213683611103233,11.184828162603806,11.757559771706532,0.18267722314572005,13.824306449305906,12.567362601411203,1.8890485575296088,1.327523684110089,0.5386902205262996,Sao Nicolao,Cape Verde,Atlantic
41.86049290906058,4.548028853848091,11.9372676336505,11.920399323094436,0.17999561961846997,12.664575515248366,13.316536393285027,2.0929723211450013,0.8309100114945652,0.6488214195549501,Sao Nicolao,Cape Verde,Atlantic
43.13322255930817,4.543930120926801,12.068863139389318,11.927109111433287,0.18473820773460803,11.339357148619134,13.045036623441547,2.151780260545152,0.8848540290924689,0.721108799509521,Sao Nicolao,Cape Verde,Atlantic
42.57875969173868,4.557829430919785,12.284505189413299,12.095868430221984,0.1828984522841006,11.470345793245704,13.240802811355879,2.0798166859734835,0.8340169424154997,0.6751565724315949,Sao Nicolao,Cape Verde,Atlantic
43.844868116361134,3.5451345795725313,12.150078063553643,12.144803726398798,0.17669498192625982,12.527980626054921,11.688424122335963,2.5840364408869156,0.8620263858136598,0.47595295709616775,Sao Nicolao,Cape Verde,Atlantic
43.89553402188429,3.5893200305606943,12.3347349740115,12.3319175835382,0.1787942312948457,12.15490725005022,12.095998168062854,2.0979901128817158,0.7420477345069324,0.5787558932087496,Sao Nicolao,Cape Verde,Atlantic
44.32797900845104,3.5435780392155616,12.239373063308149,11.819982963145097,0.17562014329250178,12.143769198320504,12.051282850669438,1.9744276464837462,1.139972172732983,0.5840149143809804,Sao Nicolao,Cape Verde,Atlantic
46.2417738087881,3.4263305395253782,11.856325099894187,11.553499490149823,0.17479129365741047,10.909714419183297,12.06481110076265,1.926916068632899,1.3730593188509774,0.47277886055528356,Sao Nicolao,Cape Verde,Atlantic
45.534114675663986,3.452609327870051,11.929814590578367,11.78356834141813,0.17489379789568169,11.787841978168977,11.85368434914141,2.2324678907860585,0.7736478589267807,0.47735718955056705,Sao Nicolao,Cape Verde,Atlantic
45.18832396059665,3.5356429508530867,12.02799725399675,11.928847219555545,0.17853655297652735,11.816436598735544,11.95782103664177,2.022726264936383,0.8441786146520207,0.4994895470557196,Sao Nicolao,Cape Verde,Atlantic
43.357281084206654,3.9246612102532623,12.675247804991832,12.52085340099534,0.1747034317211456,11.438964108753323,11.495485807251377,2.846638269809259,1.076995273198591,0.48916960881920785,Sao Nicolao,Cape Verde,Atlantic
43.08708370256344,4.367973905271933,12.743129774580575,11.941812429114243,0.1694786352200252,11.473599629772876,11.948763656125983,2.9008919770789543,0.9284933819109356,0.4387729083610463,Sao Nicolao,Cape Verde,Atlantic
42.248708819715155,4.267556685227447,12.52833443763463,11.906533755339664,0.17094794109690198,12.097381843611881,11.65824012666238,2.8047746024282136,1.8783800713342194,0.43914171694952664,Sao Nicolao,Cape Verde,Atlantic
39.970569190452196,3.0866088434215144,11.26409161477573,12.250959643466862,0.20915836241606292,13.302877982404157,14.344608467058926,3.157682073368717,1.2468275196452683,1.1666163029905667,Sao Nicolao,Cape Verde,Atlantic
44.90148095006063,3.3964190668137015,13.80115904792879,11.681817069570375,0.20419558740058166,8.663433891573435,12.659100310356703,3.3964190668137015,0.6628660776923418,0.6331089317897448,Sao Nicolao,Cape Verde,Atlantic
43.214764922308994,2.9763516809025434,12.028831232471541,11.924472811796555,0.19019514480274602,13.227667650510105,11.857857937409483,3.0754959585124895,0.9014035852087592,0.60295907607679,Sao Nicolao,Cape Verde,Atlantic
42.55884649327146,4.287820673440621,12.483709938716094,11.965074041553114,0.168892435215494,12.197104594108026,11.422246573149637,2.610155816966716,1.8793121882160413,0.4268372453627933,Sao Nicolao,Cape Verde,Atlantic
42.70257749107759,4.348918457257623,12.401926602693889,12.25182712889485,0.1732846040684632,12.399826183250596,11.751846785006734,2.7620515678791433,0.7834564523337806,0.4242847275373289,Sao Nicolao,Cape Verde,Atlantic
43.03661813421918,4.313419240767635,12.403599218288008,12.098306694167213,0.1686337986924158,11.10755832519289,12.971014830240572,2.5772335271859728,0.9089255690528317,0.41469066219329925,Sao Nicolao,Cape Verde,Atlantic
43.37477938218293,3.907349017527282,12.93178464202537,12.213375592717963,0.17473987403072477,11.587631764865911,11.80476415271474,2.491852641503241,1.0660166279625893,0.44770630446925397,Sao Nicolao,Cape Verde,Atlantic
44.67486516413356,3.36244686454727,14.42006114710016,11.025593394117166,0.2299373354167553,8.71080990852356,11.495835661710363,4.413147065397826,0.9022204865007235,0.7650829725526127,Sao Nicolao,Cape Verde,Atlantic
44.75969903032221,3.2476365659627935,12.537888954878488,12.606346354054917,0.18886382052375336,12.159134880023831,11.063930007747473,2.3402690804030266,0.6641026732547182,0.4321286328288038,Sao Nicolao,Cape Verde,Atlantic
43.53475187830689,2.97208601117046,12.59672223453985,12.196264834920209,0.19648446142045478,12.5067530337841,12.620507195659147,1.4684628169318232,1.171667867312508,0.7362996659545477,Sao Nicolao,Cape Verde,Atlantic
43.9424690204547,3.0197455823522046,12.774971636574243,12.174009047513232,0.19649029474209612,11.269235483182236,12.511260977841443,2.5543738316472404,0.8004394112125371,0.7570047144800741,Sao Nicolao,Cape Verde,Atlantic
42.647949909109265,3.413451827913552,12.068269036558268,10.876590587760047,0.20197939810139365,12.613613411432034,12.320743284185012,3.7972126843062,1.3532619672793373,0.7069278933548776,Sao Nicolao,Cape Verde,Atlantic
40.07668247401876,2.8150539804257892,11.966501866612852,11.714256886287961,0.21188578347290885,13.903743315508018,13.651498335183126,3.6222379174654415,1.3015840984764402,0.7365553425486832,Sao Nicolao,Cape Verde,Atlantic
43.59363921806948,3.1803909652587863,12.2657753469057,11.911273169249467,0.20257267294641954,12.97477970221817,11.658057328066443,2.917046490428441,0.6684898207231844,0.6279752861339005,Sao Nicolao,Cape Verde,Atlantic
43.89996962640479,3.1082312443049513,12.696162802470386,11.20785663663056,0.18224157132732613,12.139313556748004,13.101144072086669,2.1261516654854717,1.0023286423002937,0.5366001822415714,Sao Nicolao,Cape Verde,Atlantic
44.05099150141643,3.4904896802913803,13.921489275596926,12.08012950222582,0.2023472278429786,10.724403075677865,11.007689194658035,3.0756778632132744,0.9510319708619992,0.49575070821529754,Sao Nicolao,Cape Verde,Atlantic
42.57085020242914,4.504048582995951,13.471659919028339,11.255060728744937,0.18218623481781374,8.613360323886639,13.147773279352226,4.706477732793522,0.9615384615384615,0.5870445344129553,Sao Nicolao,Cape Verde,Atlantic
44.076549210206565,3.6249493722154726,14.145402997164847,11.82665046577562,0.20251113811259625,9.194005670311869,12.363304981774,3.1186715269339818,0.9011745646010532,0.5467800729040099,Sao Nicolao,Cape Verde,Atlantic
44.9469964664311,3.4628975265017674,14.245330641090359,11.37809187279152,0.20191822311963653,9.318525996971228,12.357395254921757,2.8874305906108026,0.6966178697627461,0.5047955577990914,Sao Nicolao,Cape Verde,Atlantic
43.18181818181819,3.656565656565657,12.82828282828283,11.444444444444446,0.19191919191919193,11.191919191919194,12.707070707070708,3.5656565656565657,0.6161616161616162,0.6161616161616162,Sao Nicolao,Cape Verde,Atlantic
42.749016046018774,3.6936118679987895,12.947825209405591,10.838631547078414,0.2018367140982945,10.646886668685037,13.422141487536585,3.6734281965889597,1.211020284589767,0.6156019779997982,Sao Nicolao,Cape Verde,Atlantic
45.147163662287404,3.320093695895712,14.665444546287809,11.365719523373052,0.19350239331907526,9.074243813015583,11.284244831449232,2.9840105917099504,1.4156227721763928,0.5499541704857929,Sao Nicolao,Cape Verde,Atlantic
43.33400974025974,3.977272727272727,13.484172077922077,11.728896103896105,0.20292207792207795,9.456168831168831,12.844967532467532,3.135146103896104,1.1363636363636365,0.7000811688311688,Sao Nicolao,Cape Verde,Atlantic
44.88653709168618,2.8492927648315867,11.458227332858453,11.519283606390559,0.19334486618500055,12.699704894677932,13.259387402055564,1.8825684339065845,0.7021471456192124,0.5495064617889489,Sao Nicolao,Cape Verde,Atlantic
44.79910259025087,3.5998368345910663,13.624311645931062,11.390985111156434,0.2039567611666327,9.93269426881501,12.084438099122984,2.3455027534162753,1.3869059759331024,0.6322659596165613,Sao Nicolao,Cape Verde,Atlantic
44.61647439789517,3.551912568306011,15.189232948795791,11.789111515887473,0.20238818053025706,7.275855090062741,11.748633879781421,3.7644201578627814,1.2548067192875938,0.6071645415907712,Sao Nicolao,Cape Verde,Atlantic
43.80652372726349,3.2923483385834778,11.299664668224773,11.67564271923585,0.17274667208617012,14.398943196829592,12.468245097042983,1.5648816177217764,0.8230870846458694,0.4979168783660197,Sao Nicolao,Cape Verde,Atlantic
43.366155720231454,3.349913714343722,11.298345345650189,11.836361790681151,0.18272256623693026,13.69404121408994,13.359049842655569,1.3907217541366361,0.9136128311846514,0.6090752207897676,Sao Nicolao,Cape Verde,Atlantic
45.21555197421435,3.4347300564061247,12.459709911361806,11.80499597099114,0.1712328767123288,11.77477840451249,11.049556809024983,2.3368251410153107,1.2892828364222402,0.4633360193392427,Sao Nicolao,Cape Verde,Atlantic
38.88329979879276,3.2494969818913493,11.126760563380286,12.434607645875253,0.2213279678068411,13.179074446680083,14.83903420523139,3.319919517102616,1.3883299798792759,1.3581488933601613,Sao Nicolao,Cape Verde,Atlantic
42.40627198713439,4.20142727912353,12.453512915870943,11.98110362850538,0.17087144436626803,12.67464066740376,11.357925419640168,2.472610312594231,1.8594833651623284,0.42215298019901504,Sao Nicolao,Cape Verde,Atlantic
42.44444444444444,4.2727272727272725,12.454545454545453,11.979797979797977,0.17171717171717168,12.292929292929292,11.373737373737372,2.7070707070707067,1.8787878787878787,0.4242424242424242,Sao Nicolao,Cape Verde,Atlantic
42.774916691911535,4.301726749469856,12.531556094112894,12.17812784004847,0.17166515197414922,12.349792992022618,11.703524184590526,3.0596788851863064,0.5351913561547006,0.3938200545289306,Sao Nicolao,Cape Verde,Atlantic
44.48362720403022,3.929471032745592,14.99244332493703,11.96977329974811,0.2216624685138539,8.3727959697733,11.596977329974811,2.8916876574307304,0.9773299748110831,0.5642317380352645,Sao Nicolao,Cape Verde,Atlantic
44.17065471947867,3.5739741370532525,14.15334487323083,11.567050198554117,0.21382751247327153,8.359637511455045,12.188168210976478,3.9710823745036143,1.038590774870176,0.7636696874045412,Sao Nicolao,Cape Verde,Atlantic
43.40288277391392,2.8323757685717164,12.801128918455799,11.571414171958471,0.19151295232335447,12.317306723112589,12.357625239391188,2.9130128011289185,1.0885999395222257,0.5241407116218123,Sao Nicolao,Cape Verde,Atlantic
45.25621511922881,2.8107559614408926,13.221714865550476,10.705225773718922,0.18264840182648398,10.624048706240485,12.389649923896497,3.1963470319634695,1.177067478437341,0.4363267376966006,Sao Nicolao,Cape Verde,Atlantic
41.43612693246542,4.363303498779496,12.103336045565502,12.286411716842963,0.193246541903987,13.100081366965014,12.845809601301871,2.2782750203417415,0.8746948738812041,0.5187144019528073,Sao Nicolao,Cape Verde,Atlantic
44.39878009375617,3.0668873715266156,11.98320231258744,10.963791291855626,0.192949867745052,13.476024973562314,12.765157039764755,1.57406471055174,1.0815347849920018,0.49760755365829196,Sao Nicolao,Cape Verde,Atlantic
43.00073195229468,3.011567126153658,10.813345050283269,12.422011022659074,0.19201266911717954,15.684403287887507,11.530866076984308,2.162669010056654,0.7276269566545751,0.45476684790910943,Sao Nicolao,Cape Verde,Atlantic
40.52822668206347,2.790501336396458,11.638927392169956,10.389391630119556,0.22324010691171667,13.556762856093338,14.165599511307114,4.403918472712956,1.5525334707951204,0.7508985414303196,Sao Nicolao,Cape Verde,Atlantic
43.172833248859604,3.0106436898124684,12.123669538773441,12.235174860618347,0.18246325392802837,12.71160669031931,12.792701469842877,2.270653826659909,0.7805372529143436,0.7197161682716674,Sao Nicolao,Cape Verde,Atlantic
43.356643356643346,3.0201682375595413,12.334042768825375,12.11107732846863,0.2026958548697679,12.516469038208166,12.252964426877467,2.645180906050471,0.8817269686834902,0.6790311138137224,Sao Nicolao,Cape Verde,Atlantic
43.067099128319484,2.9900668964119195,11.980539225623351,12.213663085343605,0.18244475978106625,12.22379890533144,13.916480843300223,1.966349077640381,0.7703223190756132,0.6892357591729171,Sao Nicolao,Cape Verde,Atlantic
44.01865369018655,3.558394160583942,13.199513381995134,12.155312246553123,0.1926196269261963,10.979318734793189,11.476074614760748,2.757502027575021,1.0340632603406328,0.6285482562854826,Sao Nicolao,Cape Verde,Atlantic
44.944275582573454,3.5157041540020266,13.171225937183383,11.762917933130698,0.17223910840932116,10.50658561296859,11.621073961499494,2.877406281661601,0.8105369807497468,0.6180344478216818,Sao Nicolao,Cape Verde,Atlantic
44.427558257345495,3.4853090172239116,13.049645390070925,11.783181357649445,0.1722391084093212,10.37487335359676,11.479229989868289,3.9412360688956443,0.8206686930091187,0.4660587639311044,Sao Nicolao,Cape Verde,Atlantic
46.23252987644318,3.078792789143204,15.080008102086287,11.42394166497873,0.20255215718047395,7.514685031395583,10.826412801296332,4.16244683005874,0.9621227466072512,0.5165080008102085,Sao Nicolao,Cape Verde,Atlantic
43.2650590253254,3.420441933205529,9.736656240540814,11.613358894158006,0.19170618504691755,13.681767732822117,13.7221269296741,2.885682574916759,0.8778125315306226,0.6053879527797397,Sao Antao,Cape Verde,Atlantic
40.606366851945424,5.416877210712482,11.773623041940375,12.834765032844869,0.19201616978271854,13.117736230419405,10.702374936836785,2.5770591207680646,1.9807983830217282,0.7983830217281456,Sao Antao,Cape Verde,Atlantic
43.02100764332395,5.078157970273364,13.27897356339628,12.842018546497682,0.20476443428521632,6.90056143541179,12.79777714282602,4.197670902846934,0.9419163977119951,0.7371519634267787,Sao Antao,Cape Verde,Atlantic
43.188932646672725,4.089669797031203,12.127638089467837,12.208421690396849,0.20195900232252853,12.28920529132586,11.854993436332425,2.272038776128446,1.141068363122286,0.6260729071998384,Sao Antao,Cape Verde,Atlantic
44.24376954898598,3.8240339017253566,12.733326606800526,12.299465240641712,0.1917061850469176,9.645848047623854,13.07637978004238,2.1491272323680763,1.2511351024114623,0.5852083543537484,Sao Antao,Cape Verde,Atlantic
42.379369396595145,4.3517679057116965,12.622141633927672,12.531479802558678,0.20147073637554147,9.25758033645613,14.49581948222021,2.337060541956281,1.0073536818777074,0.8159564823209431,Sao Antao,Cape Verde,Atlantic
45.50125944584383,3.566750629722922,13.178841309823678,11.23425692695214,0.181360201511335,8.957178841309824,13.10831234256927,2.3778337531486144,1.3702770780856424,0.5239294710327456,Sao Antao,Cape Verde,Atlantic
43.98311048557354,4.212325324218358,13.38091887001106,12.345430783150698,0.19101236553734796,8.64582286116417,13.280386046044034,2.6842263999195737,0.6936764853724741,0.5830903790087464,Sao Antao,Cape Verde,Atlantic
43.284032598853,4.950196196800482,14.548747358889221,12.335244994466242,0.20122748767481638,7.123453063688499,12.747761344199615,2.7165710836100208,1.1369353053627123,0.9558305664553777,Sao Antao,Cape Verde,Atlantic
39.683505782105904,5.33576790424021,12.27429498884155,13.248123351592616,0.19273686346114832,8.297829174274701,16.108744167173867,3.083789815378373,1.004260499087036,0.7709474538445933,Sao Antao,Cape Verde,Atlantic
43.05513404147698,3.59129994941831,10.875063227111784,12.44309559939302,0.18209408194233684,13.424380374304501,12.402630247850277,2.2761760242792106,1.1836115326251895,0.5665149215983813,Sao Antao,Cape Verde,Atlantic
42.95696202531646,4.415189873417722,13.832911392405064,12.425316455696201,0.21265822784810126,7.837974683544304,12.162025316455697,4.384810126582279,0.9822784810126581,0.789873417721519,Sao Antao,Cape Verde,Atlantic
43.2437953222347,4.412215299765091,14.217138188131957,11.868042079460729,0.19405576549892756,7.813297926667347,12.920028597691758,2.9108364824839135,1.6750076600960062,0.7455826779695638,Sao Antao,Cape Verde,Atlantic
45.20852266989802,3.8473189942441683,13.521155205493285,11.582348783197013,0.20195900232252853,7.603756437443199,11.501565182268001,3.968494395637686,1.847924871251136,0.7169544582449762,Sao Antao,Cape Verde,Atlantic
44.91199676309933,4.400161845033381,10.398543394699574,12.553105401577987,0.19219097713938904,11.268460449119969,13.240946793445277,1.3756827837345742,1.0418774023872142,0.6170341897633016,Sao Antao,Cape Verde,Atlantic
42.509629028988456,5.219947293736065,12.487330225015208,12.365700385161164,0.19258057976890336,7.845124670585853,12.85221974457734,3.6488951956213267,1.9055341577133595,0.9730387188323537,Sao Antao,Cape Verde,Atlantic
42.85139754675246,5.007038005228233,13.744218781419665,12.055097526643877,0.20108586366378445,6.565453448622562,12.185803338025334,3.891011461894229,2.3527046048662776,1.1461894228835712,Sao Antao,Cape Verde,Atlantic
42.70379746835443,5.336708860759494,14.400000000000002,12.617721518987343,0.22278481012658227,6.177215189873418,11.736708860759494,3.260759493670886,2.3088607594936708,1.2354430379746837,Sao Antao,Cape Verde,Atlantic
40.46125834513453,5.381347359902893,11.541573942949626,12.50252882864657,0.1820756625531054,12.593566659923122,11.126846044911996,3.0447096904713735,2.296176411086385,0.8699170544203925,Sao Antao,Cape Verde,Atlantic
38.51926977687627,6.480730223123733,12.342799188640976,14.452332657200815,0.23326572008113594,7.981744421906696,14.04665314401623,2.7789046653144025,1.7951318458417853,1.369168356997972,Sao Antao,Cape Verde,Atlantic
40.696266397578206,4.036326942482341,10.77699293642785,12.36125126135217,0.1917255297679112,14.1372351160444,11.553985872855701,3.7537840565085774,1.5741675075681132,0.9182643794147327,Sao Antao,Cape Verde,Atlantic
40.77209958673521,4.878540469710715,11.90404193125693,12.085475254510634,0.18143332325370426,11.168229009172464,12.7608104021772,3.0742868662433223,1.9554480395121459,1.2196351174276787,Sao Antao,Cape Verde,Atlantic
39.98987341772152,5.984810126582278,12.92151898734177,12.90126582278481,0.19240506329113924,8.617721518987342,12.050632911392405,3.8177215189873417,2.430379746835443,1.0936708860759494,Sao Antao,Cape Verde,Atlantic
40.3313800767832,5.34451404324106,11.578096585168723,12.537886441705396,0.18185492018589614,13.386542735906245,10.234390786017379,2.9399878763386544,2.525762780359669,0.9395837542937969,Sao Antao,Cape Verde,Atlantic
39.84131766596365,5.423320277191926,11.871045495631215,13.257005122024706,0.19082052827156776,11.861002309932713,10.796424625891333,3.726021894144823,1.898162097017174,1.1348799839309027,Sao Antao,Cape Verde,Atlantic
40.372983870967744,5.342741935483871,12.026209677419356,12.842741935483874,0.2016129032258065,11.47177419354839,11.20967741935484,3.125000000000001,2.2983870967741935,1.1088709677419357,Sao Antao,Cape Verde,Atlantic
43.95389085977331,3.319172536321554,12.67320422959139,11.901114407150022,0.1810457747084484,11.546697186961044,11.576871482745785,3.3996373250808647,0.8750545777575006,0.5733116199100866,Sao Antao,Cape Verde,Atlantic
41.92397839600531,4.75899317232243,12.49363089778865,12.646489350861106,0.2140018343014369,9.110363803118315,14.399266279425255,2.904310608376644,0.784673392438602,0.7642922653622747,Sao Antao,Cape Verde,Atlantic
42.15558015497634,3.663077387541511,13.414511421958336,11.683606722350808,0.2113313877427795,9.831941229747407,12.247157089664887,3.975042769447519,2.1938210727583773,0.6239307638120156,Sao Antao,Cape Verde,Atlantic
45.18332496233049,3.6966348568558516,10.467101958814666,11.853340030135612,0.1808136614766449,12.2149673530889,13.400301356102462,1.7076845806127574,0.803616273229533,0.4922149673530889,Sao Antao,Cape Verde,Atlantic
44.66707144302772,3.298927342643189,11.596842744383729,10.96943938473993,0.18214936247723132,11.859947379073061,12.345679012345677,3.653106658571139,0.7488362679619509,0.678000404776361,Sao Antao,Cape Verde,Atlantic
40.68889112700171,5.267398529559876,11.743377983684159,12.730385738745092,0.2014301540940679,11.441232752543055,11.139087521401954,3.5451707120555955,2.1250881256924163,1.1179373552220768,Sao Antao,Cape Verde,Atlantic
42.85714285714286,4.096116800162223,11.943627699482915,12.369461624252255,0.17236135050187573,10.199736388522764,12.69390651931461,4.268478150664098,0.8618067525093784,0.5373618574470244,Sao Antao,Cape Verde,Atlantic
44.98126202775246,3.7577230831560824,12.306289881494987,11.536513724298594,0.17218677200445662,10.06786184543705,13.724298592119924,2.339714372531146,0.5773321178972957,0.5368175833080118,Sao Antao,Cape Verde,Atlantic
44.76084312930686,3.942034860154034,13.082691528171871,12.008512363194166,0.16214025131738957,8.532630725577626,13.619781110660725,2.7766518038102967,0.5776246453182002,0.5370895824888531,Sao Antao,Cape Verde,Atlantic
43.80190399027749,3.767470123556816,13.054486530281547,11.363176017824589,0.18229694146242656,8.51731820943893,13.712781041118086,3.2408345148875832,1.731820943893052,0.6279116872594692,Sao Antao,Cape Verde,Atlantic
44.69789132197892,3.6901865369018663,11.759935117599353,12.358069748580698,0.1926196269261963,8.394160583941607,15.369018653690189,2.5648824006488242,0.5068937550689376,0.4663422546634226,Sao Antao,Cape Verde,Atlantic
43.196106266477386,4.451429730277834,13.54694788075441,12.431555465422834,0.1723788278239708,7.888866355708781,12.492395051713649,4.025552626242142,1.095112553234638,0.699655242344352,Sao Antao,Cape Verde,Atlantic
42.79630943931867,4.309033762546893,13.91057487579844,12.501267362871339,0.19263915644327287,7.827233093379296,12.257933691574573,4.532089627902261,0.9530568792456655,0.7198621109195985,Sao Antao,Cape Verde,Atlantic
45.09208662214127,4.108480064764217,13.985023274640762,10.848006476421778,0.1922687715037442,7.437765634486946,13.6207245496863,2.0744788504351344,1.9935235782230318,0.6476421776968225,Sao Antao,Cape Verde,Atlantic
43.270401948842874,5.1664636622005675,13.54039788875355,13.38814453917986,0.19285424279334143,6.8615509541209905,12.2208688591149,3.4307754770604952,1.0454730004060089,0.8830694275274056,Sao Antao,Cape Verde,Atlantic
47.401940962393844,3.4775576223210667,14.405580266882327,9.81601293974929,0.1718560452891225,6.712494945410431,12.383744439951474,3.0125353821269707,2.031945006065507,0.5863323898099473,Sao Antao,Cape Verde,Atlantic
43.935365105338505,2.72039271834731,13.213336060544076,11.403149928410716,0.1738596850071589,10.63612190632031,13.182654939660459,2.88402536305993,1.2579259562282672,0.5931683370832479,Santiago,Cape Verde,Atlantic
39.25773195876289,3.7010309278350513,10.536082474226804,11.587628865979381,0.18556701030927836,13.597938144329897,14.989690721649485,3.257731958762887,2.1443298969072164,0.7422680412371134,Santiago,Cape Verde,Atlantic
45.3177851787338,3.881853553689528,15.717751587520507,11.98388343200859,0.18107771679018203,6.334633535665629,11.746388026099456,2.335491006327914,1.844729239799979,0.6564067233644104,Santiago,Cape Verde,Atlantic
43.24132004118541,3.9939960231590916,13.945488049894806,12.65259535932459,0.18346613990253344,8.42192038844721,13.059078609916314,2.93751965574282,0.8297204641659531,0.734895268261273,Santiago,Cape Verde,Atlantic
45.28480519495769,2.685739199016897,13.36364348853388,11.245664316686621,0.18173398655400752,10.822465415184945,11.602062914322865,2.798290361144098,1.3506139455263775,0.664981178072619,Santiago,Cape Verde,Atlantic
44.274635649690346,3.227737207368777,13.252551874692378,12.458046114076115,0.20166926765836185,9.692471945621268,11.650515906610327,2.603179832528856,1.6678871575214562,0.9713050442321104,Santiago,Cape Verde,Atlantic
42.825316455696196,3.2405063291139236,11.90886075949367,11.402531645569619,0.1721518987341772,13.316455696202532,13.083544303797467,1.8835443037974682,1.5493670886075948,0.6177215189873417,Santiago,Cape Verde,Atlantic
46.99868407733577,3.9477679927118134,15.821439416945038,10.922158113169349,0.19232715861929348,6.286061342241118,10.94240307723454,2.5812329183115703,1.6094746431825087,0.698451260249013,Santiago,Cape Verde,Atlantic
46.35627530364372,3.5526315789473677,13.653846153846153,10.951417004048581,0.1923076923076923,8.957489878542509,12.550607287449392,2.08502024291498,1.1538461538461535,0.5465587044534412,Santiago,Cape Verde,Atlantic
46.60056657223796,3.5714285714285707,13.759611493322538,10.562525293403478,0.1922298664508296,8.650343990287332,12.34318089842169,2.07405908539053,1.6997167138810192,0.546337515176042,Santiago,Cape Verde,Atlantic
44.50749898662344,4.266315362788813,13.883259019051483,12.038913660316176,0.18240778273206326,7.863802188893394,13.73125253344143,2.016619375760033,1.003242805026348,0.5066882853668424,Santiago,Cape Verde,Atlantic
44.488308533252344,4.038870331005162,13.574248405709078,11.104362789756046,0.182204676586699,7.723453790869519,14.606741573033705,1.9536390322907171,1.8119242838343959,0.5162465836623139,Santiago,Cape Verde,Atlantic
45.154430379746834,3.5645569620253155,14.50126582278481,11.291139240506327,0.1721518987341772,7.392405063291138,14.460759493670883,1.90379746835443,0.9012658227848099,0.6582278481012658,Santiago,Cape Verde,Atlantic
43.480024335834514,4.370310281890082,15.980531332386938,12.461975258568241,0.2027986209693774,6.134658284323667,11.792739809369296,2.9304400730075035,1.936726830257554,0.7097951733928209,Santiago,Cape Verde,Atlantic
44.20818144997975,3.311057108140948,11.593762656946133,11.178614823815309,0.16200891049007698,12.353179424868369,14.41879303361685,1.336573511543135,1.0328068043742407,0.4050222762251925,Santiago,Cape Verde,Atlantic
45.36165907941326,2.7415275670207384,11.188669701568035,10.349013657056148,0.1719777440566515,12.453211937278706,14.132524026302479,1.8512898330804253,1.2544258978249874,0.4957005563985838,Santiago,Cape Verde,Atlantic
45.28626340279183,2.710904309124014,10.793040663564637,10.35808213635444,0.17196034796682177,13.271292737204126,13.989480072830265,1.7701800525996358,1.183491806595185,0.46530447096904715,Santiago,Cape Verde,Atlantic
44.12151898734177,3.706329113924051,11.017721518987344,11.362025316455696,0.17215189873417724,12.020253164556962,13.924050632911392,1.6101265822784812,1.711392405063291,0.35443037974683544,Santiago,Cape Verde,Atlantic
45.596274549503946,3.199028143348856,14.000809880542619,11.115610447459,0.19234662887224133,8.87831544847135,12.411419315650942,2.247418505770399,1.7311196598501721,0.6276574205304718,Santiago,Cape Verde,Atlantic
42.25437620155824,3.7235657189112628,14.540119396944249,10.816553678032987,0.21248608722047962,7.204290195284833,14.661540018213095,3.500961246585046,1.6594151573408884,1.4266922999089346,Santiago,Cape Verde,Atlantic
43.205751316322406,3.2300526528959095,12.201296071283922,11.23936816524909,0.17213446739570679,12.950587282300527,12.727825030376671,1.9947347104090727,1.6403402187120295,0.637910085054678,Santiago,Cape Verde,Atlantic
42.93092971440146,3.2610897306056312,11.910066842211869,11.494834919991897,0.1721693336034029,13.408952805347377,12.993720883127406,1.7318209438930525,1.4685031395584363,0.6279116872594693,Santiago,Cape Verde,Atlantic
43.70623571215902,4.113407985053733,14.065201497280505,12.44463102781409,0.1837254186872635,7.941020874371723,13.422162531875085,1.7760123806435473,1.6331148327756755,0.714487739339358,Santiago,Cape Verde,Atlantic
43.70725732367051,4.113504133918547,14.065530264366643,12.442584464632029,0.1837297131775033,7.941206491783199,13.422476268245381,1.776053894049199,1.6331530060222519,0.7145044401347351,Santiago,Cape Verde,Atlantic
42.67192644826777,3.4695761013801207,11.67528609056334,12.12912563384099,0.1797760450656564,12.797616767385634,12.026712709731273,2.742346450154079,1.7429135216534823,0.564720231957654,Santiago,Cape Verde,Atlantic
44.248657262923444,3.0884395709406203,13.664159405205064,12.486757068843882,0.17688890235143762,11.383919129490797,10.288021217221523,2.450012957856122,1.6621457203712657,0.5509987647958581,Santiago,Cape Verde,Atlantic
44.49338874027339,2.8294682823703194,11.083109275617968,12.417704963963182,0.18248020081953517,13.69319124913785,11.803803551888329,1.5992646813397478,1.3429722644583832,0.5546167901312846,Santiago,Cape Verde,Atlantic
45.04559270516717,3.7588652482269502,14.6403242147923,11.874366767983789,0.19250253292806485,7.234042553191489,13.394123606889567,2.077001013171226,1.0739614994934144,0.7092198581560283,Santiago,Cape Verde,Atlantic
44.49736522091609,4.225780299959465,13.883259019051478,12.059181191730847,0.18240778273206323,7.894203486015402,13.721118767734088,1.7227401702472638,1.3072557762464532,0.5066882853668423,Santiago,Cape Verde,Atlantic
46.27137508853586,3.5313164019022567,13.497925731053323,10.755843367398564,0.17201254679753114,9.379742993018315,12.51644237579682,2.0843873317818478,1.2546797531114036,0.5362744106040677,Santiago,Cape Verde,Atlantic
44.52887537993921,4.2350557244174265,13.88044579533941,11.93515704154002,0.182370820668693,8.024316109422493,13.576494427558258,2.087132725430598,1.033434650455927,0.5167173252279635,Santiago,Cape Verde,Atlantic
44.492856419090074,4.235484851555375,13.871719525787821,12.037693788631069,0.18238929982774343,7.771810720437735,13.993312392339648,1.9860168203465398,0.9119464991387173,0.5167696828452731,Santiago,Cape Verde,Atlantic
45.290662345553976,3.686449260684626,16.59914928093984,11.413814057119707,0.19242454932145026,6.228478833299574,11.646749037877251,2.7952197690905405,1.3064614138140571,0.8405914522989669,Santiago,Cape Verde,Atlantic
45.59716599190283,3.6740890688259102,12.591093117408905,10.880566801619432,0.1720647773279352,10.414979757085018,13.137651821862347,1.923076923076923,1.123481781376518,0.48582995951416996,Santiago,Cape Verde,Atlantic
44.78216818642352,4.052684903748735,14.842958459979737,11.945288753799392,0.19250253292806488,7.537993920972645,12.350557244174267,2.1884498480243164,1.3171225937183386,0.7902735562310031,Santiago,Cape Verde,Atlantic
44.66855868639774,4.064463815122644,14.930062842083927,12.1021690654774,0.20271639975674036,7.530914250962904,12.041354145550379,2.189337117372796,1.4798297182242046,0.7905939590512874,Santiago,Cape Verde,Atlantic
44.169790294802965,4.183973254989363,16.00648363894236,11.771856954715835,0.20261371694863745,6.240502482018033,11.994732043359337,2.633978320332287,1.8235234525377368,0.9725458413534597,Santiago,Cape Verde,Atlantic
44.57831325301205,3.5942087678444867,13.030272349903814,11.410347271438695,0.1721170395869191,10.711754581350611,12.81765718335527,1.700921332388377,1.4174344436569806,0.5669737774627923,Santiago,Cape Verde,Atlantic
44.372469635627546,3.157894736842106,11.052631578947372,10.921052631578949,0.1619433198380567,12.52024291497976,15.253036437246967,1.4271255060728747,0.7591093117408908,0.37449392712550617,Santiago,Cape Verde,Atlantic
45.20770010131713,3.8095238095238098,15.339412360688959,11.955420466058767,0.19250253292806488,6.433637284701114,12.117527862208716,2.897669706180345,1.3576494427558259,0.6889564336372848,Santiago,Cape Verde,Atlantic
42.607990265666196,4.319610626647739,10.809166497667816,12.350436017035085,0.1723788278239708,13.982964915838572,12.796592983167713,1.399310484688704,1.1153924153315757,0.4461569661326303,Santiago,Cape Verde,Atlantic
44.08188082691529,3.8812322659100125,15.261451155249292,11.998378597486827,0.1925415484394001,6.3234698013781925,13.27523307661127,2.594244021078233,1.773408998783948,0.6181597081475477,Santiago,Cape Verde,Atlantic
45.464668961328194,3.796315043531079,12.249443207126946,11.075116420328,0.17209961530674225,8.959303502733345,14.608220287507589,1.5590200445434295,1.599514071674428,0.5162988459202267,Santiago,Cape Verde,Atlantic
44.348794814664785,3.6661940449665793,10.907433664168526,11.606238606441162,0.1620417257443792,13.236783471743976,12.882317196678148,1.4279927081223416,1.4077374924042942,0.3544662750658295,Santiago,Cape Verde,Atlantic
38.97701850721985,4.881025015253203,12.609314622737443,15.100671140939598,0.22371364653243853,9.975594874923734,13.04657311368721,1.9219035997559488,2.3286556843603825,0.9355297945901974,Santiago,Cape Verde,Atlantic
43.18411991087705,3.220579299169536,12.112618999392344,11.39355884140166,0.18229694146242656,12.882317196678144,12.841806765242048,1.9850111403686446,1.579906826007697,0.6177840794004456,Santiago,Cape Verde,Atlantic
43.240506329113934,3.2303797468354443,12.202531645569623,11.321518987341776,0.17215189873417727,12.870886075949372,12.789873417721523,1.9443037974683548,1.5898734177215195,0.637974683544304,Santiago,Cape Verde,Atlantic
43.42544791982995,3.239194250430206,12.49114282822148,10.912035631136755,0.1720821945541047,12.450652900091104,12.825184735297096,2.1257212268448225,1.7309444275736414,0.6275938860208523,Santiago,Cape Verde,Atlantic
45.08297408698769,2.692129644642558,13.164921860733116,11.210709030671394,0.1733568331777405,10.717531274694426,12.196163087092803,2.9062763209209437,1.295077518445473,0.5608603426338663,Santiago,Cape Verde,Atlantic
41.99785731686444,3.4269263627826168,11.505416437210107,11.41446807557729,0.1852392628531144,13.697414380971962,12.87412876829145,2.5213121888340577,1.7906462075801062,0.5865909990348622,Santiago,Cape Verde,Atlantic
44.32392321975724,3.031562245474654,15.074003533897681,11.87672764186968,0.1965859476587661,8.061058516891825,11.180567107371743,3.197108306660988,2.0310432381797785,1.0274202422376573,Santiago,Cape Verde,Atlantic
43.00498619645762,3.7059123980976083,12.32228686725676,12.4820339313997,0.18555190706934022,11.318666331229734,12.72004454649929,2.152812181467489,1.4710883240027868,0.6366173165196714,Santiago,Cape Verde,Atlantic
43.51187762961597,3.2500030256666084,11.134953548164559,12.190416988981227,0.17850395406123362,13.167231323999681,12.292151595182222,3.0571366844969976,0.6329709175619626,0.5847543322695599,Santiago,Cape Verde,Atlantic
44.35789509146559,3.4742921268244715,14.287118907204121,11.907508195642528,0.19082679144349324,9.492595772186393,10.435321606002319,3.0905643396826634,2.0783526633302194,0.6855245062182027,Santiago,Cape Verde,Atlantic
43.634674500935645,3.8267984573760607,13.607300400235761,14.567106609364815,0.21401535979999223,8.036786320870197,9.978211370484415,4.361836856876036,0.9314763755104443,0.841793748546637,Santiago,Cape Verde,Atlantic
44.94973549199237,3.2901384721549367,15.132984673872715,12.433367311243723,0.19311233342528938,8.5361847491628,10.472471514790673,3.583421374255379,0.7538609807511304,0.6547230983509821,Santiago,Cape Verde,Atlantic
41.16340570600008,3.164374949659294,10.91765481664135,11.60771141909466,0.1959238924007047,14.114683748367392,13.472828913367223,3.5613249191586336,1.1081945163914828,0.6938971189191613,Santiago,Cape Verde,Atlantic
41.026686360292004,2.9188221229779145,11.055217265227327,11.469534580941918,0.1978516743038836,13.832279683420515,13.864915011140774,3.630680208875396,1.191189461788334,0.8128236310319358,Santiago,Cape Verde,Atlantic
41.13247816497915,2.9345370153410917,11.171028638170174,11.504890006606477,0.1988997977029936,13.529266239653884,13.915845846471475,3.6413962964086575,1.1352588453509374,0.8363991493151535,Santiago,Cape Verde,Atlantic
41.13088848808238,2.9186255867549438,11.37999941724977,11.483590111927256,0.19701230474267914,13.132799613053184,14.00818418361092,3.6965195322853153,1.1861359378322132,0.8662448244613665,Santiago,Cape Verde,Atlantic
41.23737208116998,2.943705157838598,11.323982904478248,11.509326169977456,0.19787900229407038,13.317052855419467,14.147328669168804,3.3149832858542747,1.1301543017620077,0.878215572037086,Santiago,Cape Verde,Atlantic
41.591607938419344,3.2733036362568373,12.198993425469471,12.182529637508228,0.18793099741285282,11.969758912141712,13.785048436602098,2.664076776511873,1.3816026073538317,0.765147632323759,Santiago,Cape Verde,Atlantic
41.80851211424432,3.1851771004918343,12.329289693153866,12.28410203482078,0.18988555791393621,11.78515527181978,13.066372342690686,3.113714793750029,1.502750221770512,0.7350408693442705,Santiago,Cape Verde,Atlantic
42.003817757534236,3.1300189259169726,12.141141247528022,12.389947376427282,0.18997518310498943,12.436771077921293,12.503821142546547,3.200116720752505,1.2820785084411634,0.7223120598269925,Santiago,Cape Verde,Atlantic
43.02397689758178,3.10197408492236,12.624216854787424,12.49783412965607,0.18940982900927258,11.912118699823575,12.608691458966986,2.5565151784311717,0.7648845007532937,0.7203783660680543,Santiago,Cape Verde,Atlantic
46.4708936615723,3.0625428734104854,14.954112442440456,10.739034730631431,0.18857515001148004,8.24475287017406,10.191301823024784,4.472219404643852,1.0418004189158847,0.6347666251752563,Santiago,Cape Verde,Atlantic
44.26547603373807,3.1671618817024254,13.871525014186412,11.455544126534335,0.1942470553881119,11.497971422946552,11.455382496364194,2.420297535049737,1.0044754147609871,0.6679190193291772,Santiago,Cape Verde,Atlantic
44.24928704988626,3.0404835281676106,12.876978358196798,11.280936752471602,0.1906097772656752,11.940414641794058,11.706531293473486,3.070362898657907,0.9200785464770156,0.7243171536095661,Santiago,Cape Verde,Atlantic
45.03565858404768,3.0379919697484747,13.619516514397532,11.076114626158015,0.18915995158885524,10.788353282924762,11.32777094707103,3.4402167019731325,0.7961347413025429,0.6890826807879714,Santiago,Cape Verde,Atlantic
43.68228790009589,3.4695032745307377,12.694831413552105,11.823718464772973,0.1775285615184312,11.450079129610797,11.415189123300792,2.8527711041690202,1.7804164984651982,0.6536745299840511,Santiago,Cape Verde,Atlantic
45.34563271790847,3.1175894938927278,13.84016108983499,11.105957447183677,0.1895065962590884,9.907899217458876,10.969754112801883,3.769533382110136,1.086573147029014,0.6673927955211387,Santiago,Cape Verde,Atlantic
45.24626172742076,3.0320451400787385,14.440601212387117,11.71753240519562,0.19346945694628043,7.986501074576072,11.423910791113698,4.115064639809762,0.9724655243331541,0.8721480281387861,Santiago,Cape Verde,Atlantic
44.08420912924761,3.886706483692273,13.199771144120287,12.355632053912759,0.1716366333274091,9.848286588022994,11.890660964481118,2.356195203074495,1.737693962267441,0.4692078378536268,Santiago,Cape Verde,Atlantic
44.97482573177993,2.563168857494483,13.071856396901085,11.239992108428368,0.17169066068829433,10.965852020529256,12.229657830566222,3.0884000502509745,1.114465412870176,0.5800909304912196,Santiago,Cape Verde,Atlantic
44.53885635070125,4.411487136651632,15.389122450065695,12.677482968066583,0.17878884875267098,6.9043145135460176,9.326648001503646,5.057170293289852,0.8214070536979877,0.6947223837246661,Santiago,Cape Verde,Atlantic
43.450431956008934,3.8321511829142505,13.619644872396853,11.960509698170558,0.168345299568917,8.965152407951962,12.64630295852559,3.7954212993719456,0.9162065394720453,0.645833785618936,Santiago,Cape Verde,Atlantic
43.0288102870447,3.4664716748191102,11.298935925426818,13.786932265604882,0.19068184997510207,13.26689697489815,11.681335939779084,1.1917615623443893,1.2622309416830089,0.8259425784247635,Santiago,Cape Verde,Atlantic
43.30933516664798,3.715084787411741,11.214300320836266,13.417398451047807,0.17209962815471902,13.821558160545422,11.522430792801904,1.7313016485025565,0.5832837696740769,0.5132072743775451,Santiago,Cape Verde,Atlantic
44.15429524025689,3.9063603067788706,15.286333306845032,12.484698017656424,0.19654002586244113,6.0662639070598985,11.268973710848584,4.562172621055618,1.1069378658677413,0.9674249977684911,Santiago,Cape Verde,Atlantic
40.06164591574334,3.4061717605900994,10.78277831828882,12.619544151391523,0.2059354147877932,15.731406335639539,12.775203456360698,2.0799476893567146,1.4817053093981747,0.855661648443281,Santiago,Cape Verde,Atlantic
45.264323550201304,3.7288448041309192,15.405300431664934,12.797164225460447,0.21146172106525687,6.430739368831069,11.01171209844277,3.07771019768246,1.0949948526448445,0.9777487498759917,Santiago,Cape Verde,Atlantic
45.50476002853861,3.441175327201439,14.31111451865573,11.551663958380862,0.18213773661666915,8.094896822328462,11.287423441676777,4.348794273150794,0.6661329580755689,0.6119009353751007,Santiago,Cape Verde,Atlantic
43.85005054901202,4.203135615570987,13.730519828885518,12.870836068823069,0.18269989339108234,7.876856767338271,12.922903254690873,2.117657855214828,1.1325317255094967,1.112808441563869,Santiago,Cape Verde,Atlantic
43.05881558344712,4.248723376181136,13.699154811051281,13.169720199914542,0.19331377879820713,8.692850409850196,12.954113058169591,1.4106681155544796,1.4775442336252185,1.0950964334082252,Santiago,Cape Verde,Atlantic
43.2849362054109,4.3014719559529295,13.898352290113289,13.061459917277682,0.18014443058775315,8.290833212399173,13.139022568159115,1.3615567428144204,1.384598472308198,1.0976242049765434,Santiago,Cape Verde,Atlantic
43.07587995318373,4.183520686317753,13.670168633921275,13.092867820317695,0.1883256900593199,8.143533960257415,12.958256135235555,2.421330300762683,1.1403017057437943,1.1258151142007753,Santiago,Cape Verde,Atlantic
45.09347727665002,4.37151638744896,15.829003690929957,12.000860824606717,0.18206080013610992,6.262068651009248,9.602935763111422,5.091530851264092,0.8197878966580765,0.7467578581853994,Santiago,Cape Verde,Atlantic
44.258673653588374,3.1149830037716164,12.242246014822902,12.046563093505984,0.2000638002422369,11.644127814098702,11.777849214260662,2.3634480028616656,1.488557601802346,0.8634878010455115,Santiago,Cape Verde,Atlantic
44.582744653656555,2.9249608008922774,11.439366229748035,12.157486626916555,0.18429003286156895,13.318300922331073,11.470252827434292,1.7708316006809957,1.5659505026952358,0.5858158027834239,Santiago,Cape Verde,Atlantic
44.26605566352123,3.3170304271956566,13.877710139864751,12.460410413887505,0.18215206090060396,10.186026041953122,12.208327899906413,1.9353656470689211,0.9366341767900385,0.6302875289117501,Santiago,Cape Verde,Atlantic
44.22370918737934,3.372479256566759,14.00027386882296,12.690832037729773,0.1835222585352741,9.570995089791861,12.36610094871956,1.9073942600576286,1.0506133789182315,0.6340797134786169,Santiago,Cape Verde,Atlantic
44.37371951935168,3.469997675352552,14.649706882561311,13.35986816920373,0.21962010603497148,8.521260114156904,12.59259855603375,1.5059664413826641,0.6619977481911292,0.6452647877313216,Santiago,Cape Verde,Atlantic
43.984088012563575,3.4351980374362254,14.339215115902245,13.28601008687155,0.2053820981411042,8.85540884066262,12.818136531192264,1.5638230822926698,0.8736558286408375,0.6390823662969374,Santiago,Cape Verde,Atlantic
43.74199536177683,3.0520773808958577,12.023583925546694,12.490352943385732,0.19806689122827859,11.97227125942542,12.00819012571027,2.2064446432165723,1.434702144751991,0.8723153240623668,Santiago,Cape Verde,Atlantic
42.68734998554551,3.4958442606547004,11.881321029039714,12.108623030851163,0.18301225499434584,12.630947497236866,11.765516664297449,2.2540492423032363,2.147550585442122,0.8457854496348841,Santiago,Cape Verde,Atlantic
42.9338485088475,3.5706579912324474,11.8945990972436,12.10464974946479,0.17190522811617953,13.714102023750344,11.622243223782435,1.5740719682927298,1.5751075419560814,0.8388146673138869,Santiago,Cape Verde,Atlantic
41.87666630620808,3.7324676371189254,12.28770604360669,12.946013126454753,0.1959058309122597,11.298945724237951,11.90102280667515,3.118082334938591,1.5744264421482679,1.0687637476993483,Santiago,Cape Verde,Atlantic
42.67292152213475,3.2819766957793512,11.679915178029825,12.658137166536385,0.18990053837213802,12.520018646697876,11.755256152492667,2.4150394553847985,1.8649471349915958,0.961887509580614,Santiago,Cape Verde,Atlantic
42.740958654517605,3.3654055115046684,11.778404859585855,12.754614318381808,0.18828162904474344,12.363826973938158,11.781491443668623,2.2532063803715205,1.8344598064851199,0.9393504225019154,Santiago,Cape Verde,Atlantic
43.11816502604557,3.5341569940896704,10.936937055838007,12.650508867145199,0.16567978876482453,15.572864645213697,11.097439351203887,1.3772132441076057,1.0365341784599325,0.5105008491316163,Santiago,Cape Verde,Atlantic
43.04183573164916,3.5215020140837043,11.06684399000113,12.684624652545804,0.16230960274948272,14.678746289160511,11.875310175848163,1.4895501518148748,0.9399575095935219,0.5393198825536604,Santiago,Cape Verde,Atlantic
45.676605378194,3.351172606355004,15.54162558252489,12.557513564153844,0.19231393467482946,6.571408065697358,10.73786900149834,3.713295653561862,0.8940552069457495,0.7641410063941356,Santiago,Cape Verde,Atlantic
41.89687953757601,3.266056473547743,12.713619764114856,11.904956256501466,0.19908234515360387,11.447234846332282,12.716937803200826,3.7051436459143003,1.2885051783552748,0.8615841493036536,Santiago,Cape Verde,Atlantic
45.49868723572354,3.1251644127578992,13.553580428089756,12.02697818606063,0.17718429710650785,9.256352072977936,10.89581597149214,3.6964310258426734,1.0641240831971295,0.7056822867517826,Santiago,Cape Verde,Atlantic
43.564010683207755,3.841189110752443,14.995293897380964,12.60633200986787,0.1862579775484098,7.211135360275862,11.253849495916745,3.2366140360871194,2.440691968093367,0.6646254608694616,Santiago,Cape Verde,Atlantic
43.16192248866518,3.756780887241731,13.370444764265214,12.027687780890895,0.17346884424695388,9.903120765056887,13.129230690904063,2.2581743038065016,1.6402556988558172,0.5789137760667581,Santiago,Cape Verde,Atlantic
45.61404786622331,3.172069639437884,15.189353565057894,10.53195872317561,0.18185835824124985,8.692620491336053,10.719191506449777,2.4874878885872045,2.7759528706250465,0.6354590908659757,Santiago,Cape Verde,Atlantic
43.51675812418582,4.189209015092489,14.789241426954854,11.763065194235631,0.17675540816585275,6.175855129627251,11.617169820529384,4.148989221617628,2.7233033844954417,0.8996532750956583,Santiago,Cape Verde,Atlantic
44.972069494155576,3.670261490320993,13.71078257744068,11.30304727824785,0.1777266262204982,8.64144055280249,13.125937981854612,2.19058399760149,1.6377715265086583,0.5703784748471811,Santiago,Cape Verde,Atlantic
42.77553492987558,4.873519485888702,13.310708625873238,13.286477615944225,0.21743716281957315,6.881677129044473,13.601321756949325,2.1639179184447874,2.2109596123240207,0.6784457628360716,Santiago,Cape Verde,Atlantic
45.81967377583278,3.587360910213687,14.2901913742995,10.929290179177134,0.16632215173404502,7.494891962515409,14.339048506371332,1.5904555759568066,1.1102003628247499,0.6725652010745456,Santiago,Cape Verde,Atlantic
45.15517587914824,3.346470235413976,14.49758969782731,11.483026281575627,0.18562854926795563,8.675040869122439,11.960666191165217,2.186291802489247,1.8965050116876114,0.6136054823024082,Santiago,Cape Verde,Atlantic
44.83066620464182,3.862379506411097,11.511611271959595,12.28664117664947,0.17518125409306168,9.325517059205508,14.681657678362217,1.3217268272889733,1.6374726804746695,0.3671463409136026,Santiago,Cape Verde,Atlantic
44.38802221454402,3.751837261616816,11.077650007250057,11.965743808080573,0.16949181159562796,11.806883295411506,14.177676166249094,1.0776331231080043,1.2513099177060008,0.33375239443830534,Santiago,Cape Verde,Atlantic
44.787840667657505,4.10951017566467,12.329569856831014,11.310867015681989,0.1517421562081542,9.421524972787111,14.826040125406331,1.1952293125984754,1.5007922846888664,0.36688343247588034,Santiago,Cape Verde,Atlantic
45.21438449483797,2.7541757052693225,10.960874935159666,10.621622345366672,0.16541595827443392,12.923121740190139,13.91768518931516,1.757544556665858,1.2499243347111852,0.43525074020960275,Santiago,Cape Verde,Atlantic
45.29851637659242,3.268762609433925,11.974091494330546,10.80888664872221,0.16746981110951759,10.882436429320343,14.290757214678907,1.6023346124676052,1.2984079182318145,0.40833688511271293,Santiago,Cape Verde,Atlantic
44.82762946958251,3.8024447782345523,15.482854415440114,12.457210382076413,0.19372889385043218,6.109673466166029,12.446050957050689,2.5143537286970976,1.5271607483316003,0.6388931605705751,Santiago,Cape Verde,Atlantic
43.89650161183869,3.4482816460332346,12.152511722040012,11.887329518466604,0.17839495357767585,11.42655769129613,14.226224159292594,1.4539704308931989,0.9218791242684549,0.408349142293409,Santiago,Cape Verde,Atlantic
44.00208648995122,3.364841240420693,11.781057839321344,11.415823823399041,0.16145479057030868,12.2983301938237,14.411639713708915,1.3574542901452686,0.8350400633317854,0.37227155532771683,Santiago,Cape Verde,Atlantic
44.135567293826625,2.990333842663786,10.3679233949442,11.434130249209439,0.16783530123095927,14.529010802292236,13.546560258501222,1.4839096755176262,0.8760184015469559,0.4687107802669459,Santiago,Cape Verde,Atlantic
45.23268185326425,3.1474708661159534,14.534221911109718,11.45136534655489,0.17733725865093322,7.263394306421443,12.079109683559047,3.27065123739445,2.1917610889552464,0.6520064479740888,Santiago,Cape Verde,Atlantic
42.95469109148302,3.219544614854929,11.654134340672956,11.786534769981229,0.18514953056673716,13.258763605584678,12.600454163569614,1.5017684145968682,1.913211815856284,0.9257476528336859,Santiago,Cape Verde,Atlantic
43.39576983171275,3.2046106952649414,11.7399680278456,11.647239741445436,0.18488138626528508,12.571934266039387,12.469222384780894,1.6742036645134146,2.002881684540588,1.1092883175917105,Santiago,Cape Verde,Atlantic
43.596757852077,3.4042553191489358,12.299898682877405,11.864235055724416,0.18237082066869298,12.66464032421479,12.158054711246198,2.6950354609929077,0.6281661600810536,0.5065856129685916,Santiago,Cape Verde,Atlantic
40.63196273040307,3.676321652825602,11.940449665788938,11.60623860644116,0.18229694146242656,12.467085274458173,14.624265748430219,2.7850921612315167,1.2456957666599149,0.8405914522989669,Santiago,Cape Verde,Atlantic
44.45908952651323,3.639866166480786,12.805434451992296,12.572239683666226,0.1926391564432728,10.585014701409307,12.298489303457366,2.240697556524384,0.659028693095407,0.5475007604177228,Santiago,Cape Verde,Atlantic
43.709481361426256,3.3427876823338734,12.14546191247974,11.68962722852512,0.17220421393841168,10.53484602917342,14.61709886547812,2.451377633711507,0.8610210696920584,0.4760940032414911,Santiago,Cape Verde,Atlantic
44.054738976178406,3.2539280283831724,13.258996452103395,12.42777496198682,0.17232640648758235,10.228079067410034,12.336543335022807,3.000506842372022,0.6994424733907754,0.5676634566649772,Santiago,Cape Verde,Atlantic
44.82059598621528,3.101560916278127,13.267788364078653,12.304885465234136,0.18244475978106625,10.206770727751874,11.81836610581796,2.5744982769106017,1.2061625785526047,0.5169268193796878,Santiago,Cape Verde,Atlantic
45.028884159318935,3.2228640924293095,13.195500152021891,12.050268572007703,0.16215668389581434,9.962501266849094,11.948920644572818,2.5945069423330294,1.2364447147055841,0.5979527718658153,Santiago,Cape Verde,Atlantic
45.76494427558258,3.140830800405269,13.40425531914894,11.995947315096252,0.16210739614994937,9.766970618034449,12.158054711246201,2.1276595744680855,0.9726443768996961,0.5065856129685918,Santiago,Cape Verde,Atlantic
45.43520113486675,3.1512817914682336,13.425879015097781,11.885702705441279,0.16212382206910525,9.676765629749722,11.916100922079236,2.877697841726618,0.9119464991387171,0.5573006383625494,Santiago,Cape Verde,Atlantic
45.455466612625386,3.1411490525889145,13.446144492856419,11.966764616475832,0.16212382206910525,9.615969196473806,11.885702705441279,3.0702198804336804,0.7092917215523356,0.5471678994832303,Santiago,Cape Verde,Atlantic
44.214582699523376,3.5594767264983265,14.734813913396207,12.726903965115099,0.18253726802555523,9.431092181320354,11.46942500760572,2.2512929723151816,0.7605719501064802,0.6693033160937025,Santiago,Cape Verde,Atlantic
44.98024516259751,3.231688785330767,13.605511093101002,11.771856954715835,0.16209097355890995,9.229054807010435,12.0149934150542,2.998683010839834,1.3068584743187115,0.6990173234727991,Santiago,Cape Verde,Atlantic
44.248326232501526,3.631568269425848,15.195780077094748,12.893081761006291,0.20288090890647195,8.60215053763441,11.28017853519984,2.4954351795496046,0.781091499289917,0.6695069993913574,Santiago,Cape Verde,Atlantic
44.30828438322867,3.4130038484909857,14.553372493417049,11.596110998582132,0.18229694146242653,8.486935385861859,10.755519546283164,3.5547903585173173,2.4610087097427584,0.6886773344136115,Santiago,Cape Verde,Atlantic
46.740890688259114,3.208502024291498,14.129554655870447,10.799595141700404,0.15182186234817813,7.793522267206478,12.601214574898787,2.7834008097165994,1.1133603238866399,0.6781376518218624,Santiago,Cape Verde,Atlantic
38.70967741935484,3.612496183982904,10.705199959295818,11.6210440622774,0.19334486618500052,14.704385875648724,16.03744784776636,2.5033072148163225,1.0379566500457924,0.8751399206268445,Maio,Cape Verde,Atlantic
44.03604698258404,3.74645605508303,11.15836371000405,11.77602268124747,0.18226002430133656,10.884973673552045,14.428918590522477,1.7112191170514375,1.5188335358444713,0.5569056298096395,Maio,Cape Verde,Atlantic
45.975622040898564,3.2336053188274407,15.543467311373025,10.567140122897149,0.17125012591921027,7.514858466807696,11.816258688425506,3.2336053188274407,1.4304422282663443,0.5137503777576307,Maio,Cape Verde,Atlantic
39.94055549861638,5.114276929384033,14.440914215435075,11.878651224761711,0.2357281951419494,6.385159372758022,13.549246694680745,4.601824331249361,2.039561340575997,1.8140821973967411,Maio,Cape Verde,Atlantic
43.47601770595192,3.564442772799994,11.701556416991979,11.846238167552151,0.1731300775359997,10.428541140991982,13.891142691711975,2.688608262911995,1.568354820031997,0.6619679435199988,Maio,Cape Verde,Atlantic
37.87223124526597,3.4578104162344405,9.688007290455666,11.641690636044789,0.19437395830903662,15.1509385397728,16.818462497897695,2.588242708009803,1.4117687498235287,1.176473958186274,Maio,Cape Verde,Atlantic
39.02784810126581,4.324050632911391,10.2379746835443,11.402531645569617,0.1924050632911392,14.470886075949362,15.169620253164554,2.6835443037974676,1.5493670886075945,0.941772151898734,Maio,Cape Verde,Atlantic
39.56645056726094,4.305105348460291,10.261345218800647,11.517423014586708,0.17220421393841168,13.918152350081037,16.116288492706644,2.1272285251215557,1.053484602917342,0.9623176661264179,Maio,Cape Verde,Atlantic
41.65820986401461,4.972599959407348,13.324538258575199,13.354982748122591,0.17251877410188757,7.012380759082607,13.578242338136798,3.7040795615993507,1.4105946823624924,0.811853054597118,Maio,Cape Verde,Atlantic
39.46191076585187,3.900435189327693,11.266116240289582,11.621995363403423,0.1850571440191971,13.106519705535444,13.309879204457639,4.54508480091105,2.0437629641680557,0.5592386220360352,Brava,Cape Verde,Atlantic
41.655535233554595,3.9775179301699515,11.025256365467213,10.984155689361089,0.17570539035367133,14.529089003514109,12.258276648650869,3.5552084831795483,1.3768726495550851,0.4623826061938719,Brava,Cape Verde,Atlantic
41.6295340237444,3.896622722104421,11.421488788502709,10.827366501746512,0.1833584298782049,14.2179609313379,12.056585026069673,3.892525327023344,1.4340882783770215,0.44046997121579945,Brava,Cape Verde,Atlantic
42.2351583910701,3.5776869607969575,12.08622615123098,12.76184516795959,0.1947737886966825,13.28562263952108,11.891452362534299,2.0605016593701673,1.3839190249501123,0.5228138538700424,Boa Vista,Cape Verde,Atlantic
43.23371368038138,4.9131527169064535,9.775549723927512,12.903201836658296,0.17256941361035066,15.186108397710857,10.983535619199964,1.603880432378553,0.6598242285101643,0.5684639507164493,Boa Vista,Cape Verde,Atlantic
42.499692756019094,6.405186393178668,12.584910225317444,12.571767807668465,0.1844693681235456,8.823784775242933,12.287709576673954,2.613316048416896,1.0658230158249304,0.9633400335340716,Boa Vista,Cape Verde,Atlantic
41.91147949868193,4.331058632534386,11.779244974470004,12.6278361850011,0.19546345372482976,12.766849793290197,12.231897183095928,2.304411243913783,1.255081123917328,0.5966779113705329,Boa Vista,Cape Verde,Atlantic
40.609462227636904,3.732675324373576,12.067279130851562,12.42018773168409,0.21475666249820574,13.468310690958903,12.997891335010452,2.188472655934097,1.4521640987973912,0.8488001422548133,Boa Vista,Cape Verde,Atlantic
44.03730573960198,5.567463798976455,10.765813975921322,12.81741310737236,0.17430365484824997,11.073408660947646,11.975686403691526,1.5994923621368822,1.322657145613191,0.6664551508903676,Boa Vista,Cape Verde,Atlantic
39.97944419363938,3.946556958960803,14.16238408710413,12.91880960084667,0.23638231785442307,11.942445797688679,12.446042909639406,2.178828321092943,1.5313463200134365,0.6577594931601338,Boa Vista,Cape Verde,Atlantic
45.55037391120857,4.966519705569936,11.267021976685516,11.987934887038563,0.17444387395596883,9.594413067578285,11.934013259458338,1.8675755917639016,1.7957457613114438,0.861957965429493,Boa Vista,Cape Verde,Atlantic
45.069840113563686,3.6584658755211996,12.14364723387289,12.25830580892851,0.17421266073910477,11.098371269438262,12.164142841018666,1.9163392681301523,1.03502816086174,0.4816467679257602,Boa Vista,Cape Verde,Atlantic
44.03007923993938,3.5305224828338497,12.377119049015219,12.355793881604539,0.18261323187071635,10.429244575727578,13.006120181014355,2.343536475674193,1.2072763662564026,0.5376945160637759,Boa Vista,Cape Verde,Atlantic
44.8129970839712,3.287042094685401,12.519611739945965,11.58990228087542,0.1751715222873098,12.684479055039905,11.097631147260744,1.926886745160408,1.4322847998785917,0.47399353089507357,Boa Vista,Cape Verde,Atlantic
43.77118208893909,3.358323919071583,12.714388415322993,13.00195131970833,0.17459176337681012,11.800349183526754,11.718188353702372,2.2286125089863407,0.6572866385950499,0.5751258087706687,Boa Vista,Cape Verde,Atlantic
43.61897007938123,3.3991451251780984,12.792591084876856,12.965601465499693,0.18318746183594545,10.482393649501324,12.019132912680643,2.696926521473641,1.2517809892122937,0.5902707103602687,Boa Vista,Cape Verde,Atlantic
42.9126213592233,3.6382217680122633,12.335206949412365,12.907511497189574,0.1839550332141032,12.130812468063361,11.650485436893202,2.7388860500766476,0.8686765457332651,0.633622892181911,Boa Vista,Cape Verde,Atlantic
43.598971722365036,3.3316195372750643,12.503856041131106,12.987146529562981,0.18508997429305912,11.722365038560412,11.825192802056556,1.8817480719794346,1.4087403598971724,0.5552699228791774,Boa Vista,Cape Verde,Atlantic
43.58156757868751,3.4560789960913394,12.590002057189878,13.063155729273813,0.18514708907632174,11.85969965027772,12.0654186381403,1.2857436741411232,1.3680312692861551,0.5451553178358363,Boa Vista,Cape Verde,Atlantic
42.5496859231799,3.6556482339614864,12.120275975697663,13.232416846874678,0.18535681186283595,12.50128720008238,11.728967150653899,2.1830913397178455,1.1945216764493873,0.6487488415199258,Boa Vista,Cape Verde,Atlantic
42.542912940692766,3.772227361496556,11.65587419056429,13.45462020762668,0.19529242470963096,12.745400349470653,11.995066296638912,2.30239490183986,0.6989413094871003,0.6372700174735326,Boa Vista,Cape Verde,Atlantic
42.45177095029091,3.7766663264264575,11.697458405634379,13.402061855670103,0.19393691946514238,12.820251097274676,12.075125038277024,2.3170358272940694,0.6328467898336225,0.6328467898336225,Boa Vista,Cape Verde,Atlantic
42.808885249257855,3.7158358071450506,11.91524209233289,13.245982188555635,0.18425632101545705,12.601085065001536,11.88453270549698,2.252021701300031,0.7677346708977377,0.6244241989968268,Boa Vista,Cape Verde,Atlantic
44.598843696115225,3.874632315650675,12.506339385333199,13.19606450958515,0.17243128106298816,10.183588599249417,11.33989248402475,2.637184298610407,1.034587686377929,0.4564357439902628,Boa Vista,Cape Verde,Atlantic
44.48750637429883,3.895971443141255,12.514023457419684,13.217746047934732,0.16318204997450284,10.586435492095871,11.157572667006631,2.2335543090260073,1.2544620091789904,0.4895461499235085,Boa Vista,Cape Verde,Atlantic
44.793693048018845,3.993037780280537,12.491041261390396,12.941537831473331,0.16381693457561178,10.525238046483055,11.098597317497697,2.2729599672366136,1.2491041261390396,0.4709736869048839,Boa Vista,Cape Verde,Atlantic
44.37577255871445,4.079110012360939,12.546353522867737,13.205603625875565,0.17511330861145447,9.826946847960443,11.856201071281415,2.688504326328801,0.7519571487433043,0.4944375772558714,Boa Vista,Cape Verde,Atlantic
44.33492531246825,3.8817193374657046,12.447921959150493,13.159231785387663,0.17274667208617012,10.639162686718832,11.289503099278528,2.7842698912712125,0.8332486535921146,0.4572706025810385,Boa Vista,Cape Verde,Atlantic
46.89634084191214,2.904902660279279,13.30139639180512,11.456528386504946,0.16308225461217005,9.316073794720214,11.599225359290594,2.721435123840587,1.1619610641117115,0.47905412292324945,Boa Vista,Cape Verde,Atlantic
45.45268751277334,3.147353361945636,12.548538728796238,12.078479460453707,0.1737175556918046,11.281422440220721,11.18945432250153,2.932761087267525,0.6846515430206417,0.5109339873288371,Boa Vista,Cape Verde,Atlantic
45.181030086690456,3.212646608873024,12.656807751147372,11.932687404385515,0.17338092809790923,11.483936766955633,10.984191738908718,3.202447730749617,0.6221315655277918,0.5507394186639469,Boa Vista,Cape Verde,Atlantic
45.19733470015376,4.090210148641722,12.455151204510507,12.56791389031266,0.16401845207585852,10.589441312147615,11.030240902101484,2.9010763710917478,0.6663249615581752,0.3382880574064582,Boa Vista,Cape Verde,Atlantic
38.82903029070949,4.238666395608862,10.327302297214878,13.173409229518192,0.18296401707664153,14.992884732669237,14.108558650132139,2.3480382191502334,0.9961374263061595,0.8030087416141491,Boa Vista,Cape Verde,Atlantic
41.56070549630845,5.978260869565217,13.022969647251845,14.007383100902377,0.19483182936833468,6.778096800656275,12.141099261689908,3.7940935192780967,1.4868744872846593,1.0356849876948317,Boa Vista,Cape Verde,Atlantic
43.58477084821885,3.797080739001736,12.075125038277026,12.952944779013986,0.1735225068898643,11.677043993059101,12.095539450852304,2.286414208431153,0.8471981218740432,0.5103603143819537,Boa Vista,Cape Verde,Atlantic
43.55890746025275,3.7301263758662864,12.443946188340806,12.749694251936402,0.18344883815735832,10.905014268242967,11.598043212392989,2.8230737871993474,1.44720750101916,0.5605381165919283,Boa Vista,Cape Verde,Atlantic
43.71997956055186,4.629535002554931,12.202350536535512,12.529381706693918,0.16351558507920286,12.856412876852325,10.342360756259579,1.9928461931527846,1.2263668880940213,0.33725089422585586,Boa Vista,Cape Verde,Atlantic
43.34499074264554,4.680106973873689,12.209421929644106,12.538572310224232,0.16457519029006376,12.826578893231847,10.429952684632793,2.139477473770829,1.31660152232051,0.34972227936638556,Boa Vista,Cape Verde,Atlantic
43.013077952836994,4.633920296570899,12.09968077437957,12.64545360930903,0.16476161054474306,13.150036041602306,10.50355267222737,2.0080321285140563,1.421068890948409,0.36041602306662546,Boa Vista,Cape Verde,Atlantic
42.92778407334914,4.646131657566705,12.042855671165139,12.712475533120429,0.16482950448130218,13.062738230143195,10.497579066652932,2.00885958586587,1.5658802925723705,0.37086638508292985,Boa Vista,Cape Verde,Atlantic
44.358530878014044,4.059416013836606,11.88320276732119,12.83955641469122,0.1627835995523451,10.753891545426798,11.4151999186082,3.276019940990945,0.7427001729575744,0.5086987486010784,Boa Vista,Cape Verde,Atlantic
43.9426523297491,3.3896569380440353,12.759856630824377,12.688172043010754,0.17409114183307733,10.957501280081926,11.899641577060931,2.375832053251408,1.228878648233487,0.5837173579109063,Boa Vista,Cape Verde,Atlantic
43.64320585842149,3.356387306753459,12.65256305939789,12.988201790073234,0.1830756712774614,10.933685923515057,11.798209926769736,2.644426362896665,1.2408462164361274,0.5593978844589099,Boa Vista,Cape Verde,Atlantic
43.767908309455585,3.3974621367171505,12.750716332378223,12.955382726156364,0.18419975440032743,11.911584117887841,11.103151862464182,2.2001637331150223,1.176831764224314,0.5525992632009823,Boa Vista,Cape Verde,Atlantic
44.11764705882353,3.531447180948504,12.874007734581722,12.894361897007936,0.17301038062283738,11.13372684714024,11.540810095664563,2.1168328923264808,1.129656014654997,0.4884998982291879,Boa Vista,Cape Verde,Atlantic
44.22412039861705,3.9963392312385606,12.029692902176127,13.188936343298764,0.17286963595688432,11.62294081757169,10.819605450477935,2.1049420378279438,1.3931258897701855,0.44742729306487705,Boa Vista,Cape Verde,Atlantic
44.075926114909684,4.000408204918869,11.939993876926216,13.429941830799061,0.17348709051944078,11.307276252678845,11.133789162159404,2.204306561894071,1.3062557403816717,0.42861516481273604,Boa Vista,Cape Verde,Atlantic
44.92946227765284,5.060314864035985,11.766509916172563,14.025761602944185,0.17378859129012475,8.065835207524023,11.132692700879167,3.036188918421591,1.0222858311183807,0.7871600899611533,Boa Vista,Cape Verde,Atlantic
43.507417191627724,5.385084332452754,12.182483235114816,14.072343019711441,0.17272912009754118,9.784596626701891,10.841292420239789,2.6823816297500516,0.7315586262954685,0.640113798008535,Boa Vista,Cape Verde,Atlantic
43.9835728952772,3.870636550308008,8.655030800821354,13.68583162217659,0.17453798767967144,15.800821355236137,11.334702258726896,1.3244353182751538,0.8110882956878849,0.3593429158110882,Boa Vista,Cape Verde,Atlantic
44.91188754201894,4.4107161047163075,10.471630844453497,13.344198838749104,0.17316899256391974,11.520831211164305,11.673627381073647,2.0067230314760107,1.0288275440562287,0.45838850972802275,Boa Vista,Cape Verde,Atlantic
41.34781284887852,4.232213539023647,11.377245508982037,12.919922866132143,0.18268547650461786,12.970668831827869,11.478737440373491,3.7146046889272304,1.0961128590277074,0.6799959403227444,Boa Vista,Cape Verde,Atlantic
42.8,4.102564102564102,11.784615384615385,12.205128205128206,0.17435897435897435,13.015384615384615,11.497435897435897,3.2512820512820513,0.7282051282051282,0.441025641025641,Boa Vista,Cape Verde,Atlantic
40.786770747740356,4.108463434675432,10.712818405916188,13.147082990961383,0.18488085456039444,13.557929334428925,12.602711585866889,3.4613804437140514,0.7600657354149549,0.6778964667214463,Boa Vista,Cape Verde,Atlantic
41.492842535787325,3.8957055214723932,11.973415132924337,13.03680981595092,0.18404907975460122,12.934560327198366,11.349693251533742,2.658486707566462,1.7689161554192228,0.7055214723926381,Boa Vista,Cape Verde,Atlantic
44.18795526828767,3.2933210218528775,12.342259156663589,12.38329742484867,0.17441263978660101,10.372422283779624,12.793680106699497,2.821380937724428,1.1798502103211244,0.4514209500359085,Boa Vista,Cape Verde,Atlantic
48.004898459026435,2.724767833452393,13.52178793754465,11.21543014593326,0.16328196754770896,8.092662516583324,11.858352893152363,2.939075415858761,1.030717420144913,0.44902541075619967,Boa Vista,Cape Verde,Atlantic
42.87768306459895,4.1593920098593,11.820889390982849,13.90572044777652,0.1951319708329054,11.163602752387797,12.128992502824278,2.3518537537229123,0.7599876758755263,0.6367464311389545,Boa Vista,Cape Verde,Atlantic
41.635840526099464,4.284833538840937,11.292642827784627,13.080558980682286,0.1849568434032059,12.381833127825729,12.248253185367858,3.257295519934237,0.9042334566378954,0.7295519934237567,Boa Vista,Cape Verde,Atlantic
42.85567010309278,4.70103092783505,12.164948453608245,12.752577319587626,0.16494845360824742,13.092783505154637,10.597938144329895,1.8247422680412368,1.4432989690721647,0.4020618556701031,Boa Vista,Cape Verde,Atlantic
44.41391941391941,3.9377289377289375,12.698412698412698,13.196988196988196,0.17297517297517298,10.327635327635328,11.039886039886039,2.2995522995522997,1.4346764346764347,0.47822547822547823,Boa Vista,Cape Verde,Atlantic
43.75514403292181,4.732510288065843,12.222222222222223,12.5,0.1646090534979424,12.911522633744857,10.277777777777777,1.8415637860082306,1.2551440329218106,0.3395061728395062,Boa Vista,Cape Verde,Atlantic
43.61483007209063,4.696189495365602,12.214212152420185,12.399588053553037,0.164778578784758,13.017507723995884,10.360453141091659,1.894953656024717,1.2770339855818744,0.3604531410916581,Boa Vista,Cape Verde,Atlantic
43.23962516733602,4.654515497888992,12.099680774379571,12.779322417876637,0.16476161054474311,13.180928843579448,10.174029451137887,1.8844609206054994,1.4828544949026878,0.3398208217485326,Boa Vista,Cape Verde,Atlantic
43.17221477893435,4.648046995774503,12.192105534370814,12.738328352056064,0.1648974543955478,12.965062351849943,10.244254354323404,1.8963207255487995,1.5768319076574258,0.40193754508914775,Boa Vista,Cape Verde,Atlantic
45.222606220776576,3.893067696686318,12.533035169749946,12.88879853628786,0.1727993494612726,10.357796300060986,10.561089652368366,3.2018702988412273,0.6810327302297214,0.4879040455377108,Boa Vista,Cape Verde,Atlantic
44.2791645440652,3.9836984207845134,12.073357106469688,13.122771268466632,0.163015792154865,11.625063678043809,10.565461029037186,2.2007131940906777,1.5282730514518592,0.45848191543555783,Boa Vista,Cape Verde,Atlantic
45.40171288743882,4.424959216965741,10.175367047308317,12.979200652528544,0.19371941272430662,12.550978792822184,10.491435562805869,1.9269983686786292,1.2234910277324629,0.6321370309951059,Boa Vista,Cape Verde,Atlantic
40.78611536498212,4.471669218989279,11.077080142930063,12.77182235834609,0.20418580908626846,12.91475242470648,13.118938233792745,1.9703930576824906,1.6539050535987743,1.0311383358856556,Boa Vista,Cape Verde,Atlantic
41.85999185999186,4.741554741554742,12.77981277981278,11.843711843711844,0.18315018315018314,9.208384208384208,12.91208791208791,3.3882783882783882,2.0858770858770854,0.9971509971509971,Boa Vista,Cape Verde,Atlantic
48.066468355728794,2.748999897425377,13.385988306492974,10.544671248333163,0.17437685916504259,8.113652682326393,12.247409990768283,3.0464663042363322,1.1590932403323417,0.5128731151913017,Boa Vista,Cape Verde,Atlantic
44.26481121457076,3.509669497595416,12.800573007264916,12.381049831167504,0.2046454517548348,10.692724854190116,12.043384835772025,2.2920290596541495,1.2074081653535251,0.6037040826767626,Boa Vista,Cape Verde,Atlantic
46.39444835562706,3.3792617922156287,12.94377954339736,11.545811123403398,0.20114653525093026,9.333199235643164,11.706728351604141,2.7758221864628374,1.1767072312179419,0.5430956451775117,Boa Vista,Cape Verde,Atlantic
39.04362072496417,4.321114069219742,10.85398320704485,12.523039115297973,0.23551095637927505,13.864427605979929,14.560720868318658,2.4677452385828387,1.095637927503584,1.0342002867089906,Boa Vista,Cape Verde,Atlantic
42.230557006660575,3.122143136998825,11.59070131905446,13.630909625179576,0.19385856079404468,12.070246179966045,11.764153715554395,2.3467088938226457,2.0610225937051063,0.9896989682643332,Sal,Cape Verde,Atlantic
45.95279100395097,2.482018032620809,13.646033836490732,11.7921183264107,0.16209097355890995,10.221862020058758,12.177084388613109,2.3401884307567626,0.9218924121163004,0.30392057542295614,Sal,Cape Verde,Atlantic
45.70878508460836,2.5027865031918126,13.881852264667138,12.017428310872427,0.1925220387070625,10.092207923801803,11.997162833113789,2.148140642415645,0.9930084101732697,0.4661059884486777,Sal,Cape Verde,Atlantic
47.96970795752713,2.9811682911457535,15.939714634139584,11.357921955864818,0.08030082939113141,7.8192932619614215,9.997453259195861,2.9309802727762966,0.7327450681940741,0.1907144698039371,Easter,Easter,Pacific
47.8104421213002,2.7683949924325186,16.377832793753566,11.105654060880632,0.1804167627218875,7.888221792340305,9.922921949703815,3.026992352333891,0.5532780723471218,0.3658451021860497,Easter,Easter,Pacific
47.58002509004087,3.133220023471328,16.632269029986645,11.43215572012464,0.18210513536481726,7.223503702804418,9.550402654688195,3.166605964954878,0.5928533851321273,0.5068592934320748,Easter,Easter,Pacific
48.72547036212827,3.1134938296581027,16.265425854744084,11.116730730325715,0.1719603479668218,6.200687841391868,9.538741654865468,3.3380538134735995,1.0641310944770384,0.46530447096904726,Easter,Easter,Pacific
48.49430959814684,3.041595326820425,16.456843589485345,11.048443952059623,0.1712156309799577,6.214120253801993,9.658575888810555,3.4041696041897467,1.0524725551415046,0.4582536005640044,Easter,Easter,Pacific
40.93409340934094,4.160416041604161,9.61096109610961,12.52125212521252,0.22002200220022006,11.851185118511852,13.091309130913093,4.290429042904291,2.4402440244024404,0.8800880088008802,Trindade,Trindade,Atlantic
43.394339433943394,5.4005400540054005,12.661266126612661,13.08130813081308,0.21002100210021002,6.100610061006099,11.92119211921192,4.69046904690469,1.3101310131013102,1.23012301230123,Trindade,Trindade,Atlantic
41.96,5.05,10.02,13.570000000000002,0.19,10.84,11.35,3.6000000000000005,2.7,0.72,Trindade,Trindade,Atlantic
41.040000000000006,4.340000000000001,9.520000000000001,13.430000000000003,0.2300000000000001,11.360000000000001,13.080000000000002,3.8300000000000014,2.190000000000001,0.9800000000000003,Trindade,Trindade,Atlantic
41.25825165033007,4.200840168033607,9.901980396079216,13.22264452890578,0.23004600920184035,11.302260452090419,13.17263452690538,3.6507301460292054,1.9303860772154429,1.1302260452090418,Trindade,Trindade,Atlantic
40.66863724390989,5.137091020283355,10.498420140658446,13.668331464682499,0.13250433187238814,12.53694832331057,10.906125777188869,2.9966364284986238,2.731627764753848,0.7236775048415044,Trindade,Trindade,Atlantic
40.86408640864086,5.43054305430543,9.89098909890989,13.721372137213722,0.2000200020002,10.4010401040104,12.41124112411241,3.2003200320032,2.9002900290028997,0.98009800980098,Trindade,Trindade,Atlantic
38.55004504306194,2.665694604041517,11.021621920556274,13.446946741082746,0.19480075952611087,13.000387530479399,13.328473020207587,5.3723998942990585,1.4968900468848518,0.9227404398605252,Trindade,Trindade,Atlantic
39.707880847800695,2.5717539409197343,15.523106787391516,13.043855749621939,0.20574031527357878,9.68008183362188,12.056382475031716,4.649731125182879,1.6047744591339144,0.9566924660221412,Trindade,Trindade,Atlantic
38.59791881646917,2.539336764241393,13.194393826998278,13.469560421710296,0.20314694113931142,12.351334021270134,11.782522586080061,4.54033413446361,2.5190220701274613,0.8024304175002802,Trindade,Trindade,Atlantic
39.58636913416287,3.6541263816150344,12.03831635720953,15.356222510311742,0.1928566701407935,12.49508215491141,10.556365102443435,3.735329190095369,1.8270631908075172,0.558269308302297,Trindade,Trindade,Atlantic
38.96907542731862,5.325670630696202,10.167189385874567,14.233010307201987,0.20602207468844108,12.186205717821288,11.990484746867269,3.1006322240610373,2.719491385887422,1.1022180995831596,Trindade,Trindade,Atlantic
38.95122024979587,5.473735143798954,10.009979738107479,13.951472263384442,0.19253838166953963,12.177296599832664,12.57043779800607,3.104807411215613,2.5402969728127744,1.0282154413765991,Trindade,Trindade,Atlantic
39.356065613781745,4.261031393326758,10.037322160414103,12.925467543957778,0.21661090376577546,13.342418109891899,13.118688537927248,3.9457760873765673,1.8101756277139922,0.9864440218441418,Trindade,Trindade,Atlantic
40.16671812287743,4.980961202017083,10.188329731398579,15.066378511886382,0.18524235875270142,12.359781825666357,11.032211587938663,4.486981578676546,0.7821344036225172,0.7512606771637336,Trindade,Trindade,Atlantic
47.64129964727607,3.31511302127206,16.027316121389497,10.934236765679408,0.17257033470856722,7.048329941362977,9.399139607761157,3.5733536646601776,1.2020487091042122,0.6865921867858673,Pico,Azores,Atlantic
47.784131996397576,3.1852688201654136,15.786612487518498,10.954142532365207,0.17043177068512347,7.687278609537855,9.320200601559895,3.3219406171241603,1.1474311311835064,0.6425614334627635,Pico,Azores,Atlantic
47.52890533426451,2.985489134208151,15.514537412548856,10.526810182519165,0.16683615749986724,8.291777448325718,9.8508889079481,3.4122793045566486,1.171120395669203,0.5513557224597817,Pico,Azores,Atlantic
47.73233215997718,2.9943505702918447,17.11130242533227,10.310591279807237,0.1675980499533884,6.224051593709724,9.671782907036572,3.9113003876660066,1.2857674105846575,0.5909232156411262,Pico,Azores,Atlantic
47.35141426361812,3.0556874275767356,17.532682991572095,10.158399567119453,0.1618197317978325,6.2583908890896724,10.12470839267574,3.6468143973618785,1.1587722119276964,0.5513101272607542,Pico,Azores,Atlantic
48.770299733072505,2.453287690771644,14.58931882551908,9.821301220531002,0.1589339201662693,9.485094850948506,10.310328667196442,2.954540823603724,1.0188071805530083,0.4380870876377936,Pico,Azores,Atlantic
48.11115055017493,2.4856751686019978,12.79853962780792,10.171897976776025,0.16632016632016633,10.71953754880584,11.520713959738348,2.728056386592972,0.922874093605801,0.37523452157598497,Pico,Azores,Atlantic
48.59147869674185,2.9724310776942353,15.127819548872179,10.205513784461152,0.15538847117794488,7.9298245614035086,10.68671679197995,2.93734335839599,0.8922305764411028,0.5012531328320802,Pico,Azores,Atlantic
47.71237208174646,3.405428886037843,16.931174170867475,11.112345816201803,0.1798179595712655,5.798624089545304,9.384881148410429,3.5155421309438424,1.242562304902565,0.7172514117730253,Pico,Azores,Atlantic
47.635415192381565,2.9580056208172425,16.700701591216966,10.109383529792353,0.15366262965284375,7.359631209688833,10.493540103924463,3.0732525930568753,0.9806102023898582,0.5357973270789947,Pico,Azores,Atlantic
48.21233443285913,3.071864053675922,15.869935968791163,10.610594254552137,0.1664607183341673,7.434564597992257,9.44639045761379,3.472186762798582,1.0620806568560368,0.6535880965267918,Pico,Azores,Atlantic
48.754550288355354,2.978649433514663,15.440304306924618,10.685508609759092,0.16667348357806047,7.587222381283489,9.417563090514951,3.2618921019264593,1.0327620761585343,0.6748742279847847,Pico,Azores,Atlantic
47.82320892102449,3.1193034268547275,15.886755944803705,10.326391364122408,0.1649778501960385,7.4036356229950595,9.908854829675645,3.5134171801008196,1.2322419675136207,0.6212128927134782,Pico,Azores,Atlantic
47.6631707565421,2.7115365034110575,13.450768760818654,10.110986661236126,0.17004378372874454,10.436819061195397,11.108848386111394,2.861215762142348,1.0284085123714488,0.45820181244272473,Pico,Azores,Atlantic
48.06885400249708,2.7703297378062506,13.856765663057494,9.926929610905294,0.16067298442393108,9.292424831651555,11.42108602656733,2.9064412469042304,1.0540966494054076,0.5423992467814234,Pico,Azores,Atlantic
47.14135247619924,2.8765428311398797,13.927662054790316,10.941702201634095,0.1717949504555634,9.970242660367518,11.054186990622858,2.648505486189935,0.8282970825536091,0.4397132660469777,Pico,Azores,Atlantic
48.66860595211457,2.965886205984662,15.71431477450721,10.52706523729124,0.1647714558880368,7.190951809434693,9.733721190422914,3.3971398930002645,1.1188185276348177,0.5187249537215973,Pico,Azores,Atlantic
48.08973789426921,2.976454908929364,17.12370259682565,10.318646258228666,0.1676022777755341,6.037720609022252,9.904688825168611,3.6347481927224266,1.1510035943621015,0.5956948426961753,Pico,Azores,Atlantic
47.48796998613489,3.408164097545061,16.35266291493353,10.979936383655492,0.16821629557132373,6.54514313677514,9.950248756218905,3.496859962482669,1.1112470434711688,0.4995514232118098,Pico,Azores,Atlantic
47.10555616856085,2.797644722191572,13.762526205976467,10.913723405322447,0.17253312736355336,10.873599422214642,10.753227472891234,2.4575939653529404,0.7322626917174068,0.43133281840888343,Pico,Azores,Atlantic
47.58699670497469,2.599855340352006,12.697902435104078,10.096037932974365,0.16676042754962633,11.783733826247692,10.83942779072571,2.8128264887888776,1.0045808888531707,0.41187816442979996,Pico,Azores,Atlantic
46.772055073941864,3.4625191228964813,16.848546659867413,10.973992860785314,0.17848036715961244,6.486486486486487,10.362060173380929,3.1922488526262107,1.0810810810810811,0.6425293217746048,Pico,Azores,Atlantic
48.282097649186255,3.1746031746031744,16.335141651597347,10.397830018083182,0.1707856138235885,6.118143459915611,9.634317862165963,3.827606992163954,1.3964235483222822,0.6630500301386377,Pico,Azores,Atlantic
47.694070717832105,2.8795660175849656,15.273781988378996,10.743521867514952,0.18123142768017264,6.0410475893390885,11.639085022126645,3.5642180777100623,1.5203303099836707,0.4631469818493302,Pico,Azores,Atlantic
47.70813536277693,2.7611449976760865,15.343065792947339,9.317120699033719,0.16182534784914793,8.303663161509405,11.135606748869492,3.4893590629972526,1.2946027827931834,0.48547604354744384,Pico,Azores,Atlantic
48.629999999999995,2.8699999999999997,14.839999999999998,9.359999999999998,0.16999999999999998,8.339999999999998,11.039999999999997,3.2799999999999994,1.0799999999999998,0.38999999999999996,Pico,Azores,Atlantic
47.71712662337662,2.3538961038961035,13.869724025974026,9.882305194805195,0.17248376623376624,10.531655844155845,11.2012987012987,2.8612012987012982,0.9841720779220778,0.4261363636363636,Pico,Azores,Atlantic
47.63448485462466,2.3807111741464895,13.342113261067773,10.13068584743187,0.1722216594063418,11.538851180224901,10.556174653024009,2.7352851788066053,1.0839833856752101,0.4254888055921386,Pico,Azores,Atlantic
47.85170137125444,2.732351447435246,12.76790248857288,10.238699847638395,0.1828339258506856,10.1066531234129,11.995937023869985,2.752666328085322,0.9649568308786185,0.40629761300152367,Pico,Azores,Atlantic
47.25674446802062,2.030918460139436,11.49843386884915,10.205112660402143,0.16166515105587553,13.771850055572399,11.255936142265336,2.596746488835001,0.8992624027483078,0.32333030211175107,Pico,Azores,Atlantic
47.1953188054883,2.3708635996771594,12.358757062146895,10.108958837772397,0.17150928167877325,12.792574656981436,11.2590799031477,2.481840193704601,0.9079903147699759,0.3531073446327684,Pico,Azores,Atlantic
48.063665855636664,2.2303325223033257,12.195863746958638,9.924979724249798,0.16220600162206003,12.489862124898623,10.776561232765616,2.7270884022708843,1.0340632603406328,0.3953771289537713,Pico,Azores,Atlantic
47.01522842639594,2.3553299492385786,13.31979695431472,10.172588832487309,0.17258883248730966,10.588832487309645,11.878172588832486,3.0761421319796955,1.0456852791878173,0.3756345177664975,Pico,Azores,Atlantic
47.37433592153658,3.3510420923579893,16.183081324070294,11.1667347772783,0.18389865140988967,5.598692276256641,11.003269309358398,3.2795259501430323,1.2975071516142216,0.561912545974663,Pico,Azores,Atlantic
47.10861805201428,3.263640999490056,15.400305966343703,11.218765935747069,0.18357980622131564,6.292707802141765,11.330953595104539,3.3860275369709334,1.2544620091789904,0.5609382967873534,Pico,Azores,Atlantic
47.76639528945233,3.2144681106738364,16.322688537066522,10.544657073331928,0.17023662891419072,6.428936221347673,9.713501767456762,3.7952754328516627,1.3819208700093126,0.661920068895765,Pico,Azores,Atlantic
47.8381978926971,3.179120746033668,15.845141496104315,10.809010536514473,0.17157159581769005,7.407855960599087,9.385975535908926,3.542448831294659,1.1707238302854144,0.6499535747446611,Pico,Azores,Atlantic
47.04932101569994,2.705840779443687,13.529203897218437,10.177192185370286,0.16154273310111567,10.924327325962945,11.005098692513505,2.9986369831894595,1.0399313443384322,0.408905043162199,Pico,Azores,Atlantic
47.494201875567214,2.1276595744680855,12.100433598870627,9.801351215085209,0.16133911465160838,12.927296561460121,11.394574972269842,2.7125138650801657,0.9579509932439247,0.32267822930321677,Pico,Azores,Atlantic
48.302387001536445,2.3699300067281914,13.757644530583143,9.489762103212461,0.1606732207951316,9.329088882417329,11.849650033640957,3.1833381870035455,1.1648808507647042,0.39264518331810294,Pico,Azores,Atlantic
48.86558435010588,2.490672582434204,14.79278007461934,9.529091459110617,0.15125541998588282,9.045074115155794,10.527377231017445,3.206614903700716,1.0083694665725522,0.3831803972975698,Pico,Azores,Atlantic
45.67609254498714,3.6298200514138816,17.634961439588686,11.125964010282777,0.16452442159383035,6.786632390745501,10.591259640102828,3.012853470437018,0.7814910025706941,0.5964010282776349,Pico,Azores,Atlantic
47.60557688421903,2.758132956152758,14.730248535057585,10.133360274802989,0.1515457668215801,9.769650434431197,10.537482319660537,2.9702970297029703,0.9193776520509194,0.4243281471004243,Pico,Azores,Atlantic
48.38676844783715,2.982188295165394,15.267175572519085,10.636132315521628,0.1628498727735369,8.0,9.62849872773537,3.318066157760814,1.0279898218829515,0.5903307888040712,Pico,Azores,Atlantic
46.3889171844759,3.656921666496892,16.97056127126413,11.622695324437199,0.18335540389120908,5.897932158500559,9.850259753488844,3.70785372313334,1.0288275440562287,0.692675970255679,Pico,Azores,Atlantic
48.2304025960856,2.6974951830443166,14.329175540006087,10.698712098164489,0.1723963086908022,7.8592434844336285,11.854781462326338,2.890173410404625,0.882263462123517,0.38535645472061664,Pico,Azores,Atlantic
47.946319642130945,3.13135420902806,15.63643757625051,10.705571370475802,0.1728344855632371,6.10004066693778,11.305408702724684,3.2736884912566087,1.2403416022773486,0.4880032533550223,Pico,Azores,Atlantic
47.880509520893774,2.8537586701866036,14.835931461610269,9.14447466950403,0.16863575680314788,8.783112333497284,11.202232416209108,3.4229043493972275,1.2246168053561928,0.4838240165423647,Pico,Azores,Atlantic
48.846893017296594,2.482383087764253,14.614029468289555,8.758408071748878,0.16115470852017935,9.93954196028187,10.720291479820627,3.0929692504804605,1.000960922485586,0.38336803331197944,Pico,Azores,Atlantic
46.91433211530654,2.9537149817295987,13.85505481120585,10.962241169305727,0.16240357287860338,10.180673974827448,10.992691839220466,2.7202598457166065,0.8424685343077548,0.4161591555014211,Pico,Azores,Atlantic
46.99498310637862,3.092044640114672,14.477321593119688,10.985973174976964,0.17405549298658748,9.245418245111088,11.08835875908672,2.6313095116207634,0.8600389065219616,0.4504965700829323,Pico,Azores,Atlantic
47.898218829516544,2.707379134860051,15.440203562340967,10.351145038167939,0.17302798982188294,6.83969465648855,11.195928753180661,3.623409669211196,1.3231552162849873,0.4478371501272264,Pico,Azores,Atlantic
47.03846936698555,2.411968247506615,11.927539181762672,10.492570730714434,0.16283329940972932,13.14878892733564,10.777529004681458,2.615509871768777,1.0584164461632406,0.36637492367189095,Pico,Azores,Atlantic
47.78094462540717,2.890879478827362,14.861563517915313,11.013843648208471,0.17304560260586324,7.003257328990229,11.756921824104237,3.0435667752443005,1.0484527687296419,0.4275244299674268,Pico,Azores,Atlantic
47.743709891005395,3.0253641642049507,16.104716308444537,10.868900886217785,0.17316899256391974,7.25272486503005,9.524294591015584,3.4328206172965268,1.2834878272384638,0.5908118569827849,Pico,Azores,Atlantic
46.88418279460939,3.3843347856925727,16.354240551220997,10.882561556388692,0.16212382206910528,7.234775559833823,10.254331745870909,3.3134056135373395,1.0538048434491842,0.4762387273279967,Pico,Azores,Atlantic
47.98119186343657,3.2812020852499235,16.549115813145253,10.814678523970153,0.1737708269447,5.84687723602167,9.526730041909435,3.8536236328324645,1.267504855361341,0.7053051211284881,Pico,Azores,Atlantic
47.68205231794769,3.0400969599030403,16.816483183516816,10.261589738410262,0.16159983840016162,6.564993435006565,10.03938996061004,3.646096353903646,1.2220987779012222,0.5655994344005657,Pico,Azores,Atlantic
47.5240506329114,2.7949367088607597,15.635443037974687,10.389873417721521,0.16202531645569623,8.921518987341774,10.4,2.9468354430379753,0.8101265822784812,0.41518987341772157,Pico,Azores,Atlantic
47.218274111675115,2.700507614213197,15.319796954314716,10.477157360406089,0.1624365482233502,9.644670050761418,10.29441624365482,2.974619289340101,0.8020304568527916,0.4060913705583756,Pico,Azores,Atlantic
48.69812855980473,2.8478437754271764,15.347843775427178,10.496338486574452,0.1627339300244101,8.157038242473556,9.49959316517494,3.2445077298616765,0.9662327095199349,0.5797396257119609,Pico,Azores,Atlantic
47.961362480935435,3.355363497712252,15.882053889171328,10.716827656329436,0.16268429079816982,6.832740213523132,9.598373157092018,3.579054397559736,1.2302999491611593,0.6812404677173362,Pico,Azores,Atlantic
48.5967053081147,2.9591214154972545,15.375228798047589,10.65690461663616,0.16270083384177345,7.890990441326011,9.487492373398414,3.2946918852959124,0.9965426072808623,0.5796217205613178,Pico,Azores,Atlantic
47.30843594179303,3.5209117736847464,16.485193853668463,11.346290831382925,0.17299277500763205,5.7596418031952785,9.504426579831078,3.8872494148773784,1.3432380177063195,0.6716190088531597,Pico,Azores,Atlantic
46.76222425536239,3.4055098099013916,16.224458676425733,11.25343092406221,0.17281691572633928,6.872013825353256,9.616753075124528,3.761309342279149,1.3317068211853202,0.5997763545796481,Pico,Azores,Atlantic
47.36522706584404,3.1455446545969457,15.161322949327403,10.963891979366846,0.17194295539597454,7.9599474056842325,10.417720238697282,3.246687569535754,1.1024577728330134,0.46525740871851934,Pico,Azores,Atlantic
47.572519083969475,3.2061068702290076,15.419847328244277,11.053435114503818,0.173027989821883,7.592875318066159,10.259541984732826,3.12468193384224,1.1195928753180664,0.4783715012722647,Pico,Azores,Atlantic
48.543295096944476,2.466754644198559,14.100091361283122,9.440665922241397,0.16242005887727137,8.85189320881129,11.379555375088826,3.38036747538321,1.238452948939194,0.4365039082326667,Pico,Azores,Atlantic
48.58130784094376,2.756025627987389,14.695413403844196,9.813891996338858,0.15254754398454182,7.556188345367638,11.308857927387367,3.4374046577850095,1.2305501881419707,0.46781246821926165,Pico,Azores,Atlantic
48.97938561034761,2.8294260307194827,16.016572352465644,10.11519805982215,0.16168148746968475,5.709377526273243,10.580032336297496,3.991511721907842,1.1216653193209378,0.49514955537590954,Pico,Azores,Atlantic
47.822983583154894,2.2025084123585197,12.185173855409403,9.91128785561334,0.16314877128581629,12.409503415927398,11.27765881513205,2.7123483226266956,0.9788926277148976,0.3364943407769961,Pico,Azores,Atlantic
47.72381628307817,2.8591706377369968,14.782520531278518,9.976680523167394,0.16222244753117712,8.24292811517794,11.304876812328907,3.234310047652844,1.2369461624252256,0.47652843962283276,Pico,Azores,Atlantic
47.33853797019163,2.788198316942107,13.393490824292813,10.169319679610668,0.16222244753117715,10.51404238061442,11.315015715299607,2.8693095407076963,1.0341681030112544,0.41569502179864143,Pico,Azores,Atlantic
47.28260869565217,2.717391304347826,13.325281803542675,10.165056360708533,0.1610305958132045,10.718599033816426,11.20169082125604,2.9690016103059587,1.0466988727858293,0.41264090177133655,Pico,Azores,Atlantic
47.22503544662751,2.7243265140773745,13.489973668219566,10.13773546688272,0.16204172574437917,10.552967389102692,11.140368644926067,3.0889203970022274,1.0532712173384646,0.42535953007899524,Pico,Azores,Atlantic
48.036223036223035,3.0423280423280423,15.16076516076516,10.612535612535613,0.1628001628001628,7.824582824582825,10.195360195360195,3.296703296703297,1.1904761904761905,0.47822547822547823,Pico,Azores,Atlantic
47.90843715182822,3.119619163374861,15.314494074749316,10.533778993213815,0.16205813835713562,7.555960700901449,10.189405449204902,3.494378608325737,1.235693304973159,0.48617441507140685,Pico,Azores,Atlantic
47.489327099003866,3.3543403130717624,16.253303516974995,10.855865013214068,0.17279934946127262,6.495222606220777,9.595446228908315,3.7101036796096767,1.4027241309209189,0.6708680626143526,Pico,Azores,Atlantic
47.34594264795608,3.5794183445190164,16.636160260321336,11.287370347773033,0.18303843807199513,5.67419158023185,9.477323571283303,3.772625584706122,1.3727882855399636,0.6711409395973155,Pico,Azores,Atlantic
47.09473898443065,3.103693904548692,15.538821613920831,10.593263457820292,0.16281672941894781,8.222244835656864,10.511855093110817,3.113869950137377,1.1091889691665822,0.5495064617889489,Pico,Azores,Atlantic
48.41849148418491,3.092051905920519,16.47404703974047,10.401459854014599,0.16220600162206003,6.143552311435522,9.42822384428224,3.7408759124087587,1.5409570154095702,0.5981346309813462,Pico,Azores,Atlantic
47.49065939614259,2.40331212763809,14.177521963041503,9.58295466020398,0.1514692517418964,11.037059476926185,10.663435322629509,3.100070685650813,1.0299909118448958,0.36352620418055137,Pico,Azores,Atlantic
47.94684783694675,2.387850934159257,14.656808872015187,9.851133979418524,0.1598561294834649,8.562293935458088,11.409731241882307,3.5168348486362278,1.0990108901988214,0.4096313318013788,Pico,Azores,Atlantic
48.01136363636364,2.627840909090909,15.472808441558444,10.054788961038962,0.16233766233766236,7.071834415584416,11.201298701298702,3.7439123376623384,1.1972402597402598,0.4565746753246754,Pico,Azores,Atlantic
47.376357056694815,2.925211097708082,13.97265782066747,10.504624045034177,0.15078407720144751,9.348612786489747,11.338962605548852,2.925211097708082,1.0152794531564133,0.4422999597909127,Pico,Azores,Atlantic
47.70678950530743,2.663729220909273,14.480272381333869,10.284398157420387,0.15021029441217706,10.134187863008211,10.674944922892049,2.7838974564390147,0.7610654916883637,0.3605047065892249,Pico,Azores,Atlantic
47.69184652278178,3.2573940847322147,16.037170263788973,10.661470823341329,0.1598721023181455,6.974420463629098,9.482414068745006,3.8269384492406084,1.2390087929656277,0.6694644284572343,Pico,Azores,Atlantic
46.970762584145476,2.6424193710439057,13.915402391238821,10.780669144981411,0.16075555109012357,10.248166381995375,11.33326635185371,2.632372149100773,0.9142971968250778,0.4018888777253089,Pico,Azores,Atlantic
46.95311715691196,3.5237425961248867,16.815580764983434,11.384399156711174,0.1706655958237125,5.621925509486999,9.476960144563797,4.045778536291538,1.3452464611986747,0.662584077903825,Pico,Azores,Atlantic
46.63514736947992,2.8769741474700723,17.000301780504973,10.330952620460716,0.15089025248968913,7.90664923045971,10.793682728095764,2.9172115481339898,0.9053415149381348,0.48284880796700513,Pico,Azores,Atlantic
46.13223638005418,3.250727400421391,15.772047757600083,11.136751279221432,0.17056285742951743,7.725494130631083,10.414367412461125,3.6018862245409857,1.2441055483094212,0.5518210093307917,Pico,Azores,Atlantic
46.42391413381483,3.1096398836392822,15.397732972213863,10.95395726752934,0.16049754238138228,9.058080048149263,10.552713411575885,3.009328919650918,0.8727053866987663,0.46143043434647407,Pico,Azores,Atlantic
46.88376753507014,3.406813627254509,17.384769539078157,10.541082164328659,0.15030060120240482,6.322645290581162,10.25050100200401,3.496993987975952,1.0420841683366735,0.5210420841683367,Pico,Azores,Atlantic
46.99508377646232,3.4614226948931472,16.805458011437743,11.417678338517106,0.18059596669007724,5.688772950737434,9.320758503060098,4.113574796829536,1.3444366409150195,0.6722183204575097,Pico,Azores,Atlantic
47.04453441295546,3.572874493927125,16.73076923076923,11.366396761133602,0.1720647773279352,5.6882591093117405,9.453441295546558,3.977732793522267,1.3360323886639676,0.6578947368421052,Pico,Azores,Atlantic
46.55797101449276,3.160225442834139,16.143317230273755,10.85950080515298,0.16103059581320453,7.971014492753624,10.537439613526573,3.049516908212561,1.0265700483091789,0.5334138486312401,Pico,Azores,Atlantic
47.933634992458515,2.69482151835093,15.163398692810453,10.226244343891402,0.1608848667672197,8.275515334338863,10.45751633986928,3.4489693313222722,1.1965811965811963,0.4424333836098541,Pico,Azores,Atlantic
48.048289738430576,2.806841046277666,15.251509054325954,10.261569416498993,0.1710261569416499,7.766599597585512,10.57344064386318,3.4909456740442657,1.1871227364185108,0.44265593561368205,Pico,Azores,Atlantic
48.1135861930564,2.6690748545053187,14.750150511739918,9.883604254465183,0.16054585591009435,8.017258679510336,11.147902869757175,3.602247641982742,1.1940598033313268,0.46156933574152126,Pico,Azores,Atlantic
48.4543349108851,2.547578290202396,15.607693082267646,9.636491793374283,0.16111167052663378,6.776759641526533,11.187191622193133,3.86668009263921,1.3090323230288994,0.45312657335615747,Pico,Azores,Atlantic
46.997178557033465,2.710600564288594,13.50261991132608,10.288190245868604,0.16122531237404275,10.95324465941153,11.04393389762193,2.9625151148730358,0.9673518742442565,0.4131398629584846,Pico,Azores,Atlantic
48.23442972582413,2.3768276337950662,14.523933966509425,9.771577357081759,0.1618265623009407,10.225415905390689,10.346785827116395,2.973563082279785,1.021530174524688,0.3641097651771165,Pico,Azores,Atlantic
47.82432705929974,2.5197328476017007,13.863590366322606,10.03845375430075,0.16191054442420563,10.483707751467314,10.7872900222627,2.9751062537947783,0.9714632665452339,0.37441813398097556,Pico,Azores,Atlantic
48.21805039654652,2.499749021182612,14.54673225579761,9.828330488906733,0.16062644312819996,9.667704045778535,10.521032024897098,3.1422547936954115,1.0139544222467622,0.4015661078204999,Pico,Azores,Atlantic
47.38749622470552,2.788684184033021,15.020638276452228,10.047317024061208,0.1610792308466727,8.295580388603643,11.184939091915833,3.453136011275546,1.187959327494211,0.473170240612101,Pico,Azores,Atlantic
46.952686447473944,2.64635124298316,13.612670408981556,10.294707297514034,0.1603849238171612,10.856054530874099,11.026463512429832,3.027265437048918,1.0124298315958302,0.41098636728147553,Pico,Azores,Atlantic
49.99999999999999,2.221552070767993,14.646160032167268,9.348612786489745,0.17088862082830716,8.202653799758744,9.217933252915158,4.141535987133092,1.5983112183353438,0.4523522316043425,Pico,Azores,Atlantic
47.857165206063144,2.7326634346064496,12.769360361711179,10.237593403248885,0.17371206219988958,10.107807128005268,11.997306751933893,2.7529806348637464,0.9650670122216086,0.4063440051459405,Pico,Azores,Atlantic
48.02142833612271,2.5141105083077275,12.474671169282821,10.134931533837129,0.1695586372523879,10.880012557028222,11.485579118643894,2.694771199189736,1.2615970033659814,0.3633399369694026,Pico,Azores,Atlantic
49.3620141153583,2.424747629645357,13.560438926706887,9.900209284454455,0.1724040934176117,9.315870310986739,10.22326027634259,3.286768096733416,1.2804280622243676,0.47385920413027777,Pico,Azores,Atlantic
47.45929822408484,2.6976116711808804,13.726470820262247,10.62576149955637,0.16841050673788124,9.820564489293314,9.993033080530903,3.510243092247404,1.511636476141223,0.4869701399649577,Pico,Azores,Atlantic
47.2602036265037,2.0260147160816744,11.499275545640627,10.201571185022367,0.1636979471347787,13.772858144734776,11.256760068403917,2.596936568743094,0.8993282280861298,0.3233539696489456,Pico,Azores,Atlantic
48.06375161415535,2.227295133859931,12.195885507662705,9.924819006165308,0.16524765899825614,12.489884410174941,10.776580461051918,2.7270932681307296,1.0340651053878605,0.3953778344130054,Pico,Azores,Atlantic
47.010564596576266,2.359156815427407,13.318475653359544,10.175408790916707,0.17460196740684766,10.587782093333846,11.87699429453557,3.075836983969468,1.0455815490061229,0.37559725546821887,Pico,Azores,Atlantic
47.31973694337514,2.6582083913250343,13.27088874668336,10.091492147090142,0.1783559079850383,11.406716827065727,10.862580158636796,2.8113727868828073,1.0076604970906118,0.3929875938653387,Pico,Azores,Atlantic
47.58663052158866,2.59983533438614,12.69780472435889,10.096729746695072,0.1667591443230677,11.783643150057737,10.8393443809994,2.8128048440035514,1.0045731585726971,0.41187499501480573,Pico,Azores,Atlantic
47.03284164988565,2.697755818863119,13.407460154786941,10.797189284042236,0.18500058742768938,10.266516115492653,11.191519052631099,2.947811557913732,1.0368164789903471,0.43708929996651885,Pico,Azores,Atlantic
47.49935677954361,2.814663345248299,14.73132972286533,10.649996459992096,0.1877122346957909,7.896155959485987,11.130111307234124,3.376779874147108,1.224210226276897,0.48968409051075884,Pico,Azores,Atlantic
48.771860965290784,2.4533662252855692,14.58978585801053,9.818414424864221,0.15893900795039403,9.485398487295953,10.310658720884536,2.954635404206043,1.018839794553808,0.43810111165813737,Pico,Azores,Atlantic
48.109799055388834,2.4856053432706164,12.79818010284585,10.174421346309725,0.16631549420496985,10.719236425283727,11.520390330295472,2.7279797525083467,0.922848169064162,0.3752239808282856,Pico,Azores,Atlantic
48.94690039918894,2.994172883919852,15.238471776846735,9.54871325035374,0.15652505801267352,7.987827154066114,10.764884634936129,2.9588285159815064,0.898756784717932,0.5049195419763662,Pico,Azores,Atlantic
48.21101002219176,3.071779668433654,15.869500015777588,10.613049814605638,0.16645614559663752,7.434360367751664,9.446130961772374,3.472091380543359,1.0620514811073805,0.6535701422199264,Pico,Azores,Atlantic
48.0888988972851,2.9764029802476686,17.123403848371936,10.32021088279547,0.1675993537045838,6.037615272008501,9.90451602314438,3.6346847791355525,1.1509835133929247,0.595684449913882,Pico,Azores,Atlantic
47.10622620526184,2.7976845163218758,13.762721966273265,10.912456228375,0.17253558150138493,10.873754089971005,10.75338042845841,2.4576289225487975,0.7322731075349478,0.4313389537534624,Pico,Azores,Atlantic
48.64149607741224,3.1982340325556113,16.456735876377923,9.730856530495261,0.17205689415647274,6.163685208311288,9.706033029179844,3.856098627859771,1.4068181345735125,0.6679855890780707,Pico,Azores,Atlantic
51.97255574614065,1.816163858339219,16.21430733528403,8.707496720815257,0.17152658662092626,5.6401977600645745,7.526990212894763,5.307234386035717,2.1592170315810715,0.4843103622237917,Pico,Azores,Atlantic
48.420523138833,2.3843058350100605,15.070422535211266,9.617706237424548,0.14084507042253522,9.3158953722334,10.462776659959758,3.2293762575452716,0.9456740442655934,0.41247484909456733,Pico,Azores,Atlantic
47.01078737775987,2.701885270692611,14.265550962798674,9.990926504687975,0.15122492186712372,9.96068152031455,11.331787478576471,3.1152333904627483,1.0081661457808249,0.46375642705917947,Pico,Azores,Atlantic
47.27382875605815,2.776655896607431,15.17568659127625,9.925282714054925,0.15145395799676895,8.259289176090466,11.247980613893374,3.51373182552504,1.161147011308562,0.5149434571890145,Pico,Azores,Atlantic
47.5996703933916,3.3194640840700314,15.290084334530363,11.332770424928027,0.17904556506169952,6.887150428793783,10.936021729620851,3.2248547798044744,0.7833243471449354,0.44761391265424877,Terceira,Azores,Atlantic
46.29553490666885,3.349847874352437,15.551763835210917,11.68695008634158,0.18398980347010932,7.750185017679464,11.286078447496092,2.8883315516816044,0.5756105583422415,0.4317079187566811,Terceira,Azores,Atlantic
47.39478957915831,2.3707414829659315,13.49699398797595,9.839679358717435,0.15430861723446893,11.57314629258517,11.58316633266533,2.6352705410821637,0.6513026052104208,0.3006012024048096,Terceira,Azores,Atlantic
48.23940370459695,3.0501960188841557,13.841648600546913,11.342982381806062,0.20133307055340965,7.761389869833941,10.731052660496735,3.2213291288545545,0.9865320457117072,0.6241325187155699,Terceira,Azores,Atlantic
47.083433796436466,3.249561776976278,15.463084988274112,10.923777172297342,0.18109012998629412,7.253665762228781,11.287951435812333,2.937684330888771,0.8249661477153397,0.7947844593842908,Terceira,Azores,Atlantic
47.28192898177681,3.083604064028923,16.486196891344175,11.159956116081773,0.19146561181878932,6.298210915091754,10.984079835920019,3.214606851062831,0.8867880968449189,0.413162636030019,Terceira,Azores,Atlantic
47.395197469923176,3.87268124965926,14.306848347186799,12.483423469487779,0.2307556185030129,5.869218992359241,9.611473153299407,3.6720241900914226,1.3343694461261182,1.2240080633638075,Terceira,Azores,Atlantic
47.49672610053389,2.4680165206003823,13.266847990329403,9.549712904200664,0.16117658910043314,11.826332225244283,11.483831973405861,2.4881635942379368,0.8763977032336051,0.38279439911352875,Terceira,Azores,Atlantic
48.45828295042322,3.436114469971786,14.57073760580411,11.124546553808946,0.19145505844417574,6.56993147924224,9.98589278516727,3.7484885126964933,1.068117694478033,0.8464328899637241,Terceira,Azores,Atlantic
48.10036570499797,3.4335635920357577,14.689150751726942,11.062576188541245,0.18285249898415276,6.735067045916295,10.52417716375457,3.250711093051605,1.2291751320601383,0.7923608289313288,Terceira,Azores,Atlantic
47.87298387096776,3.8407258064516143,14.002016129032263,12.227822580645164,0.21169354838709684,6.260080645161292,9.798387096774198,3.3770161290322593,1.2600806451612905,1.149193548387097,Terceira,Azores,Atlantic
47.808122543585604,3.083744835231281,14.229567671067217,10.722563740804192,0.18139675501360475,8.576035473143202,10.601632570795122,3.0938224327320367,0.8666733850650005,0.836440592562733,Terceira,Azores,Atlantic
48.27885136574551,2.497356290542229,14.91336246376432,11.530900638686234,0.1921043300417099,6.632654763545352,10.28263703433784,3.740979058706982,1.2132905055265888,0.7178635491032317,Terceira,Azores,Atlantic
48.381549666194616,2.4276755007080717,16.498078090228603,10.378312765527008,0.17196034796682177,6.625531054015779,11.349382965810237,2.953671859194821,0.9306089419380943,0.2832288084159418,Terceira,Azores,Atlantic
47.238268977399414,3.466099118273031,14.026553156987939,12.040133779264215,0.2128306476132563,5.989662511401642,11.24961994527212,3.810682071551637,1.1959055437316306,0.7702442485051181,Terceira,Azores,Atlantic
47.337517716136865,2.9358169669973675,14.162785989066611,11.085239927110749,0.18222312208949176,7.481271512451912,11.854626442599715,3.4116217857865965,0.8807450900992102,0.6681514476614698,Terceira,Azores,Atlantic
47.51832033454516,4.04411236889746,14.255496100363546,10.827322265811015,0.19209533752262936,7.2794022640154274,10.716897777578268,3.437495513562841,1.011028092224365,0.7178299454792991,Terceira,Azores,Atlantic
47.44510776080137,3.278356774258828,14.105028837397548,11.22128908226247,0.1821309319032682,8.195891935647069,11.018921380147727,3.015278761509663,0.900536274410604,0.6374582616614387,Terceira,Azores,Atlantic
47.01417004048584,2.5101214574898787,13.097165991902834,10.070850202429149,0.16194331983805668,11.973684210526315,11.386639676113361,2.4696356275303644,0.840080971659919,0.47570850202429144,Terceira,Azores,Atlantic
48.028855923592765,2.804308067465962,15.088396667344034,10.363747205852468,0.15240804714488923,8.70757976021134,10.597439544807965,3.1497663076610443,0.7112375533428165,0.3962609225767121,Terceira,Azores,Atlantic
46.96985077657091,3.918383920414171,15.18627550502487,12.161201908435691,0.18272256623693026,6.243021013095118,10.740026393259567,3.268703684905086,0.862856562785504,0.4669576692721551,Terceira,Azores,Atlantic
47.81227584793523,3.074085459575776,16.026232195921715,11.11794241213239,0.18444512757454656,5.810021518598217,10.851521672302491,3.637667793831335,1.0246951531919255,0.46111281893636646,Terceira,Azores,Atlantic
47.674892922700394,3.752804405466042,14.113807872730982,12.339384050581279,0.21415459922496435,6.210483377523966,9.881705078523353,3.3958800734244345,1.223740566999796,1.1931470528248012,Terceira,Azores,Atlantic
47.68918232605383,3.0675469781615026,14.027425088877601,10.919248349415946,0.17267648552564752,8.379888268156423,10.67546978161503,3.2605383443372262,0.9446419502285422,0.8633824276282376,Terceira,Azores,Atlantic
47.54931869025829,2.287980475899939,13.778726865975191,9.32479153955664,0.1525320317266626,11.84665446410413,11.033150294895263,2.816758185885703,0.8541793776693106,0.3559080740288794,Terceira,Azores,Atlantic
47.68809572094909,2.382883796390184,13.982964915838568,9.38957615088217,0.16223889677550188,11.356722774285132,11.001825187588722,2.717501520989657,0.9125937943621981,0.4055972419387548,Terceira,Azores,Atlantic
48.695124418369396,3.3481691280598818,14.495245802144444,10.954885696945171,0.18207566255310534,7.009913008294556,10.074853327938497,3.31782318430103,1.1834918065951847,0.738417964798705,Terceira,Azores,Atlantic
48.58959726072069,2.7209359204304584,15.05176911788684,9.986955812815914,0.1508234143159954,8.804826349258112,10.506685145931845,3.1183759986955812,0.7235447578672753,0.34648622207728685,Terceira,Azores,Atlantic
48.2271665142741,1.9099867926445186,13.501981103322155,8.808290155440414,0.15239256324291373,11.886619932947271,11.652951335974803,2.570354566697145,0.9956314131870364,0.2946256222696332,Terceira,Azores,Atlantic
49.99496526029603,2.9503574665189802,15.194844426543144,10.593092337126167,0.20138958815829217,5.578491591984693,8.710099687846135,4.098278119021245,1.4902829523713619,1.1881985701339237,Terceira,Azores,Atlantic
47.40012045773941,3.031519775145553,14.113631800843205,11.051997590845211,0.1806866091146356,8.733186107207388,10.509937763501306,3.121863079702871,0.9636619152780566,0.893394900622365,Terceira,Azores,Atlantic
48.36016096579477,2.7062374245472838,15.140845070422534,10.523138832997988,0.18108651911468812,7.987927565392354,10.201207243460765,3.1388329979879273,1.1066398390342052,0.6539235412474849,Terceira,Azores,Atlantic
48.59207321423112,2.7159789244111985,15.05253610264668,9.987464712656566,0.15083109974216036,8.805275011974768,10.507220529335632,3.1185349000743967,0.723581627141445,0.34650387778604413,Terceira,Azores,Atlantic
47.87105358654893,3.843595016329987,14.00145155437281,12.227329543163584,0.212693036571106,6.259828232732552,9.797992016450952,3.3768799645175602,1.2600298375065524,1.1491472118059756,Terceira,Azores,Atlantic
47.93541503090335,3.7899377906625604,14.01220027782811,12.099615469791228,0.20837108171770252,6.522920818988949,9.995772180950658,3.231261701999155,1.1475508848221299,1.0569547623361721,Terceira,Azores,Atlantic
47.80908614503971,3.085822550086669,14.229854476559037,10.722779860523241,0.1773692909259483,8.576208328294435,10.60184625307373,3.0938847905833033,0.8666908533881567,0.8364574515257791,Terceira,Azores,Atlantic
47.973515248796154,1.945224719101124,14.08507223113965,8.81821829855538,0.15148475120385235,11.637239165329055,11.476725521669344,2.578250401284109,1.0232744783306582,0.31099518459069025,Terceira,Azores,Atlantic
47.78500423401791,2.555079907669232,14.518865828285165,12.826685503049745,0.20039842413092016,6.442809335809082,9.869622388447818,3.7574704524547524,1.2524901508182509,0.7915737753171346,Terceira,Azores,Atlantic
47.58223960887886,3.627436494884717,13.942325745702153,12.698344022551064,0.2431801002157352,6.2416225722038705,10.021046629723422,3.424786411371604,1.1652379802003978,1.053780434268186,Terceira,Azores,Atlantic
47.42714728701605,3.738149913635639,14.015543207189149,12.561549998571241,0.22166926711585996,6.549319255695864,10.428531430223414,3.274659627847932,1.027739329355351,0.7556906833495227,Terceira,Azores,Atlantic
47.21260127341216,3.1326377052790115,13.513935472935025,12.499041960313434,0.2027597220245315,8.363838533511924,10.736127281198943,2.889326038849574,0.8820047908067121,0.5677272216686883,Terceira,Azores,Atlantic
47.311482818180366,2.4298342194396536,13.16327546150986,10.758815940579993,0.19077210813782408,11.125026095616267,11.14510737015709,2.480037405791713,0.8835760797962379,0.5120725007910014,Terceira,Azores,Atlantic
48.47268506054097,3.3151562804452475,14.352076574112193,11.041606394575368,0.18360865553235214,6.98732939109229,10.312686152400445,3.2437529144048884,1.1322533757828384,0.9588452011133946,Terceira,Azores,Atlantic
48.18664866200871,3.4798682800659777,14.50112257341615,11.64945375394451,0.21059721579650006,6.337973351589908,9.898069142435503,3.4999251577608823,1.2134411005417385,1.0229007624401434,Terceira,Azores,Atlantic
47.71149204572221,2.2518698310665353,13.631854870206347,9.543193125282677,0.1709008353934424,11.611203816436822,11.158819252160061,2.5936715018534198,0.9449810898225638,0.38201363205593003,Terceira,Azores,Atlantic
48.250892003691284,3.3712855722260175,14.365928609575732,11.951739874925924,0.20247961394750857,6.99567066188642,10.458072060388817,2.865086537357246,0.8605383592769112,0.6783067067241536,Terceira,Azores,Atlantic
50.082652409337314,2.2846828229949794,15.301362590847955,8.863200547634468,0.16032861915754243,7.866122877416924,10.451421861332296,3.1264080735720774,1.4730191885099209,0.3908010091965097,Terceira,Azores,Atlantic
46.88503582012673,3.33151900974904,13.722201774911442,11.61317554013369,0.19298433288180414,8.603038418467795,10.136756011370556,3.33151900974904,1.1071206465324555,1.0766494360774337,Terceira,Azores,Atlantic
48.32782408881278,3.500849871545972,15.130109789669946,11.613600656888213,0.20119826847965358,6.116427361781468,9.909014722622937,3.3700709970341967,1.1166503900620772,0.71425385310277,Terceira,Azores,Atlantic
48.51594727839823,3.6220947781466952,15.333534560821008,11.168125565952309,0.15092061575611226,5.53375591105745,8.018915383841433,5.04074856625415,1.8714156353757925,0.7445417043968205,Faial,Azores,Atlantic
46.487836018332985,2.052399104109858,18.94982085445121,10.391856590465737,0.5977861468281139,5.838378034021246,10.222143110760747,3.267897602660356,1.514391571964555,0.6774909664051958,Faial,Azores,Atlantic
47.30247090798096,2.9582783411710047,16.16059485700512,10.602027831842422,0.16990112094563203,7.505631872362921,10.483898580704,3.1481678292867112,1.189307846619424,0.4797208120817845,Faial,Azores,Atlantic
47.74145854279928,2.646200902288602,15.947105060207162,9.56982878820535,0.15977062051553825,8.367986249501316,9.71605086010117,3.834494892372918,1.48786390355095,0.5292401804577205,Faial,Azores,Atlantic
48.06902056916451,2.730167800127949,16.641978722838747,9.502967331053002,0.16059810588987936,7.287139054753275,9.425101339412294,3.9647657391563964,1.6662053486074981,0.5520559889964602,Faial,Azores,Atlantic
48.91410781180015,2.804569683413942,16.445433699158457,9.268652464178357,0.1608355374000827,6.6143614755784,9.428983380079849,4.0812017615270975,1.7088775848758786,0.5729766019877945,Faial,Azores,Atlantic
45.91491750560036,2.122369233657308,12.285827535678221,10.113179075950328,0.13949844728264,14.72705036312442,11.090126558969878,2.530900400699325,0.7871698096663258,0.28896106937118277,Faial,Azores,Atlantic
48.134704577535786,2.6416616253276866,16.25327687033676,9.386973180076627,0.15124016938898968,7.8241580963903985,9.689453518854606,3.821334946561806,1.5829804396047586,0.5142165759225649,Faial,Azores,Atlantic
46.923542465200725,2.3098648376033886,13.828928787573128,9.794230381278998,0.15130119023602984,12.20496267903974,10.59108331652209,2.9150695985475084,0.9380673794633851,0.342949364535001,Faial,Azores,Atlantic
47.398087569199795,2.4157020634121786,14.604932058379466,9.562154001006542,0.15098137896326116,10.790135883241067,10.568696527428283,3.1102164066431803,1.0266733769501761,0.37242073477604426,Faial,Azores,Atlantic
46.93980778958017,2.680829539706626,15.032878098128478,9.88366211431462,0.15174506828528073,9.994941831057158,11.006575619625696,2.8629236216489633,1.0520991401112798,0.39453717754172996,Faial,Azores,Atlantic
48.17153916675155,3.137414688805134,17.184475909137213,9.880818987470713,0.16298258123663034,5.5719669960272995,10.257716206580422,3.575430375878578,1.4872160537842518,0.5704390343282062,Faial,Azores,Atlantic
46.88947050533522,2.1340849607408905,12.452184417153212,9.875176162673647,0.16106301590497285,13.66015703644051,11.012683712502518,2.5669418159855044,0.9059794644654723,0.3422589087980673,Faial,Azores,Atlantic
48.8216172287688,2.9865908167411623,16.16212921576595,9.183258837870783,0.152377082486794,5.912230800487607,10.889882161722877,3.7180008126777735,1.5339292970337262,0.6399837464445348,Faial,Azores,Atlantic
47.61225944404847,2.6168414621728946,15.426127685571736,9.673149373790856,0.1629161999796355,8.685469911414316,10.518277161185216,3.4416047245697996,1.3746054373281744,0.4887485999389064,Faial,Azores,Atlantic
47.99429851354103,2.555487680716758,15.159845245367542,9.641620851150478,0.16289961311341886,8.77621665648544,10.496843819995929,3.319079617185909,1.4151903889228263,0.47851761352066785,Faial,Azores,Atlantic
48.541411668706644,2.9171766625866984,16.21787025703794,9.873521011831903,0.16319869441044468,7.211342309261524,9.618523051815583,3.478172174622603,1.4381884944920436,0.5405956752345981,Faial,Azores,Atlantic
48.304224207961006,2.7721364744110475,16.20633631194151,9.534930950446793,0.15231519090170592,7.666531275385864,9.910641754670998,3.3103168155970755,1.6754670999187653,0.4670999187652315,Faial,Azores,Atlantic
48.529262086513995,2.7888040712468194,16.407124681933844,9.49618320610687,0.15267175572519084,7.114503816793894,9.57760814249364,3.643765903307888,1.7608142493638674,0.5292620865139949,Faial,Azores,Atlantic
48.74493927125505,2.8238866396761133,16.831983805668013,9.2914979757085,0.15182186234817813,6.477732793522267,9.311740890688256,3.9878542510121453,1.8117408906882588,0.5668016194331983,Faial,Azores,Atlantic
48.659856377060784,2.821887326792758,16.931323960756547,9.305148174370384,0.16182866390209363,6.240517851724486,9.335491048852028,4.156973803985031,1.8205724688985534,0.5664003236573278,Faial,Azores,Atlantic
47.804431795080305,3.0392356169953243,17.015653588127666,10.306972961984144,0.16263468184590366,5.885342549298638,9.981703598292336,3.720268347225046,1.5856881479975609,0.49806871315307993,Faial,Azores,Atlantic
48.951189995966104,2.8136345300524397,16.76079064138765,9.288019362646228,0.1512706736587333,6.454215409439288,9.378781766841467,3.81202097620008,1.825332795482049,0.5647438483259378,Faial,Azores,Atlantic
49.32158768732279,2.835155933576346,16.626164439044146,10.166059133252325,0.17213446739570673,5.639935196435803,8.201701093560144,4.678007290400972,1.5188335358444711,0.840421223167274,Faial,Azores,Atlantic
47.948429346157795,2.8548040519799454,15.921416146526148,9.659265322828201,0.1534840888161261,8.114192162079199,10.477847129847543,3.028752685971555,1.340427708994168,0.5013813567993453,Faial,Azores,Atlantic
47.71584026280668,2.843650549224925,16.096909968175748,9.711528590493787,0.15398829688943635,7.956062005954212,10.614926598911813,3.1208294836259105,1.3345652397084484,0.4516990042090134,Faial,Azores,Atlantic
47.57820383451059,3.38042381432896,16.094853683148333,11.150353178607467,0.1715438950554995,5.943491422805247,10.736629667003026,3.25933400605449,1.2008072653884962,0.48435923309788087,Faial,Azores,Atlantic
48.687957689178184,2.837672904800651,16.792107404393818,9.357200976403579,0.15256305939788445,6.600895036615134,9.540276647681042,3.763222131814483,1.729048006509357,0.5390561432058584,Faial,Azores,Atlantic
48.618447785453064,2.813896789922796,16.802112962210483,9.335635920357578,0.16253555465258027,6.521739130434782,9.447379114181228,3.931328728159285,1.8082080455099552,0.5587159691182447,Faial,Azores,Atlantic
48.49785407725322,2.891886368281218,16.00245248313918,9.809932556713672,0.16349887594522788,8.15450643776824,9.85080727569998,3.208665440425097,1.3693030860412836,0.05109339873288372,Faial,Azores,Atlantic
48.23113803473294,2.523722339026724,16.53438722909969,9.236128735717458,0.15022156779920975,7.551137474706944,9.744372364575407,3.835657364473156,1.7025111017243773,0.4907237881440852,Faial,Azores,Atlantic
47.781604538087535,2.6843598055105353,16.025121555915725,9.866288492706648,0.16207455429497575,8.235413290113454,9.704213938411673,3.50486223662885,1.5700972447325774,0.4659643435980553,Faial,Azores,Atlantic
48.34523689769642,2.6154310431546124,16.255909868222513,9.35519565436073,0.15089025248968918,7.876471179961775,9.35519565436073,3.9835026657277943,1.559199275726788,0.502967508298964,Faial,Azores,Atlantic
47.38955823293172,2.560240963855421,15.261044176706823,9.68875502008032,0.15060240963855417,9.769076305220882,10.803212851405618,2.9718875502008024,1.0140562248995981,0.3915662650602409,Faial,Azores,Atlantic
47.77345219097183,2.4486435388947054,14.301541964403697,9.422551102346997,0.14433681300251064,11.170856161250649,10.428842967646192,2.9883819030097274,1.0367855581870482,0.28460780028664073,Faial,Azores,Atlantic
48.621614536067916,2.634763143565854,15.750095791235605,9.437957529191117,0.142174360215379,7.673382136447053,9.96228850303507,3.6602335289491195,1.6032427854074656,0.5142476858854135,Faial,Azores,Atlantic
47.992027902341796,2.6905829596412554,16.462381664175386,9.636273044344792,0.1395117090184355,7.8923766816143495,9.357249626307922,3.7967115097159936,1.6143497757847534,0.4185351270553064,Faial,Azores,Atlantic
48.9824845600891,2.762984711957072,16.49286220512301,9.415814518578514,0.14275589753973877,6.530322972562519,9.446188113799735,3.918193783537511,1.7414194593500048,0.5669737774627923,Faial,Azores,Atlantic
48.141057934508815,2.5894206549118386,16.38287153652393,9.370277078085643,0.14105793450881612,7.848866498740555,9.53148614609572,3.9193954659949624,1.5516372795969773,0.5239294710327456,Faial,Azores,Atlantic
47.522360242702746,2.7604678199068378,17.953115529467098,9.418371646779644,0.1611952011624431,6.447808046497723,9.288873466985782,3.848535427753328,2.0048653144578856,0.5944073042865088,Faial,Azores,Atlantic
49.06910927502797,2.7121104409943815,17.74925610828545,9.97802306595688,0.17076250924779438,5.605028244721721,8.086107055557322,4.259017877709695,1.577041997170807,0.7935434253279857,Faial,Azores,Atlantic
46.8770727700508,1.912938966131798,11.618587194295236,10.333502987527394,0.17115769696968722,15.323647928697879,10.279529918002979,2.376071557932128,0.8155160855614508,0.2919748948306428,Faial,Azores,Atlantic
47.50709050347505,2.979224214428229,16.802022084738326,10.001347973568805,0.15046586941556708,6.991647398843351,10.01099584511573,3.6813982717008744,1.3842859986232172,0.4915218400908525,Faial,Azores,Atlantic
46.48579616739829,3.1347828609731287,16.99861286869622,11.093513181691145,0.18201964999198808,5.854965408075617,10.890842391187288,3.7314028248357562,1.1224545082839268,0.5056101388666336,Faial,Azores,Atlantic
44.26452635371935,2.1131561812195607,13.694877559057536,11.542063125583125,0.20318809434803467,11.713793639164196,10.464186858923785,4.388862837917549,1.0972157094793873,0.5181296405874883,Santa Maria,Azores,Atlantic
44.24290920119484,2.3681333759075667,13.477767778534803,11.400923044849524,0.19562840931410336,11.109634402627236,11.98481412850612,3.850790793867087,0.7413287089797599,0.6280701562189633,Santa Maria,Azores,Atlantic
45.64252172502347,3.2878953009972163,15.316282458061567,12.60529229430069,0.21442795441286192,7.8929908933877275,10.415072071481864,2.4403943383178097,1.5009956808900335,0.68412728312675,Santa Maria,Azores,Atlantic
46.96470481958131,2.572849046637933,16.233452318072672,10.64454422152704,0.17356521346367007,6.8813502279125665,11.434884651724145,3.0731252501508637,1.6029257949291882,0.41859845600061596,Santa Maria,Azores,Atlantic
43.92126593637363,2.24235034522938,12.960373554995494,11.355159288133997,0.18514819364279278,13.886114523209459,11.726052264043545,2.1600622591659158,1.1417471941305557,0.42172644107525026,Santa Maria,Azores,Atlantic
45.339661612319084,2.559994499198969,14.599165417118614,11.23296182295625,0.17477874090916654,8.646407123800532,12.64575595989852,3.577823637434703,0.7093960660430876,0.514055120321078,Santa Maria,Azores,Atlantic
43.90248135803647,2.246173464829773,13.068645613555043,11.143419707211288,0.1735679495550279,13.170744407410941,12.047657674996055,2.6647785196389577,1.1435064911860664,0.4390248135803647,Santa Maria,Azores,Atlantic
45.50634140935315,2.6276891831507014,13.792851267879161,11.433786420778858,0.1812199436655656,10.269130141048716,11.376585352338287,3.6042633240151383,0.7248797746622624,0.48325318310817494,Santa Maria,Azores,Atlantic
44.588876372476015,2.158506969849407,12.21127182473491,10.81211341950877,0.22294438186238008,13.700945648997177,12.21127182473491,2.6449310757309634,1.1349895803902987,0.3141489017151719,Santa Maria,Azores,Atlantic
43.81796506348316,2.1153500375474628,11.886252591933363,11.064640564254512,0.22160809917163896,14.948473598668738,12.279103313192177,2.296665755051531,1.0576750187737314,0.31226595792367307,Santa Maria,Azores,Atlantic
45.36914117439195,2.1919922140436556,12.540234526854405,10.556522354395389,0.22429687771609502,12.448476713243274,12.142617334539507,2.997421911296906,1.2132422021916047,0.3160546913272248,Santa Maria,Azores,Atlantic
43.93183884100927,2.4294104428207888,13.969110046219535,11.032965075200377,0.18220578321155914,13.260532000396804,11.236023298046147,2.3281850077032558,1.2147052214103944,0.41502428398188473,Santa Maria,Azores,Atlantic
44.68964571518126,2.3467165558200205,13.672174716516642,11.059442534421231,0.1734529628214798,12.957956634310547,11.22342700609575,2.14265424661828,1.326405009811316,0.4081246184034819,Santa Maria,Azores,Atlantic
44.73230720069909,2.343606072018403,13.552156851236855,10.881831713595849,0.1834126491144837,13.04267727036329,11.310446695393162,2.2417101558436903,1.3246469102712715,0.3872044814639101,Santa Maria,Azores,Atlantic
44.665833581194875,2.3348049371988226,13.60277659063662,11.013477915283126,0.18272386465034265,13.095210299941224,11.369484911576876,2.233291679059744,1.116645839529872,0.38575038092850117,Santa Maria,Azores,Atlantic
46.19064733627214,4.152421274829615,15.238982930928099,12.194431683699992,0.18141646346342977,6.762802610220077,9.564679101488602,3.1445520333661166,1.8746367891221078,0.6954297766098141,Sao Miguel,Azores,Atlantic
46.453127159305396,3.170451011304645,13.143325394965458,11.006644081417104,0.18059531077051774,9.822378291352047,11.828992855468911,2.478168986684327,1.384564049240636,0.531752859490969,Sao Miguel,Azores,Atlantic
44.052971788880804,1.7997128738081125,15.097591330279167,12.63393838147062,0.3599425747616225,9.838430376817682,12.557996497238829,2.199649067987693,0.9298516514675248,0.5299154572879443,Sao Miguel,Azores,Atlantic
46.45128722867239,2.897526501766785,11.731448763250885,10.540131246845029,0.16153457849570926,12.357395254921759,12.115093387178195,2.2917718324078753,0.9994952044422011,0.4543160020191823,Sao Miguel,Azores,Atlantic
46.0376976084313,3.8001621402513184,13.771787596270777,11.339683826509933,0.17227401702472644,8.654235914065668,11.278881232265913,2.918524523713012,1.3275233076611272,0.6992298338062425,Sao Miguel,Azores,Atlantic
46.187253812746185,3.7066962933037066,13.735986264013736,11.362488637511362,0.17169982830017172,8.898091101908898,11.10998889001111,3.0097969902030095,1.1210988789011211,0.6968993031006968,Sao Miguel,Azores,Atlantic
46.1298125377948,3.366256803063898,12.043942753477122,11.771820197540817,0.18141503729086877,11.277968151582343,10.844587784720822,2.398709937512598,1.5420278169723847,0.4434589800443459,Sao Miguel,Azores,Atlantic
47.93346774193548,3.2560483870967745,11.139112903225806,11.90524193548387,0.1713709677419355,11.209677419354838,10.231854838709678,2.2883064516129035,1.4012096774193548,0.4637096774193548,Sao Miguel,Azores,Atlantic
46.42676640048519,3.3053674315172343,13.02941473769332,11.118973011220055,0.1718386738097645,10.391185686849287,11.361568786010313,2.587688264429395,1.0815728292732236,0.5256241787122209,Sao Miguel,Azores,Atlantic
46.94413577129003,3.5963228608950404,13.102333569047381,11.526416809778766,0.17173451863824632,9.011011213253864,10.738458430144462,2.616425901606223,1.7577533084149914,0.5354076169310032,Sao Miguel,Azores,Atlantic
46.12430520464881,3.37544214249621,11.733198585144011,11.419909044972208,0.17180394138453767,12.086912582112179,10.227387569479534,2.5871652349671552,1.3946437594744818,0.8792319353208691,Sao Miguel,Azores,Atlantic
46.641753358246646,3.3834966165033844,14.220785779214223,10.695889304110697,0.17169982830017172,8.130491869508132,12.332087667912333,2.615897384102616,1.201898798101202,0.6059993940006061,Sao Miguel,Azores,Atlantic
46.624152242129774,3.1784593582346394,12.470897864156292,10.679218544387085,0.1720821945541047,11.053750379593078,11.59024192732058,2.4901305800182207,1.234942807976516,0.5061241016297197,Sao Miguel,Azores,Atlantic
48.28865979381442,3.7113402061855663,14.979381443298964,11.814432989690719,0.17525773195876285,6.855670103092781,8.85567010309278,2.7628865979381434,2.010309278350515,0.5463917525773194,Sao Miguel,Azores,Atlantic
48.44444444444444,3.474747474747475,14.7979797979798,10.242424242424244,0.1616161616161616,7.07070707070707,8.96969696969697,3.2828282828282833,2.8989898989898992,0.6565656565656566,Sao Miguel,Azores,Atlantic
45.537340619307834,4.1287188828172425,12.204007285974498,12.17364905889496,0.17202995345071848,10.028334345274235,11.617081562436752,2.226269985832827,1.4470754907913375,0.4654928152195911,Sao Miguel,Azores,Atlantic
45.5434450443109,4.054191708261181,13.547927065294898,11.969033309565042,0.17316899256391977,8.63807680554141,11.459712743200571,2.7707038810227163,1.2631150045838853,0.5806254456554956,Sao Miguel,Azores,Atlantic
45.9895780116481,3.0755083273730452,12.281598038213955,11.167875753550629,0.17369980586492287,11.944416062123224,11.423316644528455,2.278532747522223,1.1750280984980073,0.49044651067742917,Sao Miguel,Azores,Atlantic
45.98005292082231,3.246488906981478,10.726643598615917,11.67311215143497,0.16283329940972932,12.78241400366375,11.805414207205374,2.096478729900265,1.0889476898025647,0.4376144921636475,Sao Miguel,Azores,Atlantic
47.484848484848484,3.3434343434343434,13.575757575757574,10.808080808080806,0.1616161616161616,9.070707070707071,9.94949494949495,2.929292929292929,2.1919191919191916,0.48484848484848486,Sao Miguel,Azores,Atlantic
47.30575798008827,3.6436415888330083,15.128810427999593,10.91039720825208,0.18474802422251874,7.030688699579185,10.181668890485478,3.161243970029765,1.8474802422251875,0.6055629682849225,Sao Miguel,Azores,Atlantic
47.546445880452346,3.432956381260097,13.459208400646204,10.54119547657512,0.17164781906300486,8.683360258481422,11.13691437802908,2.857431340872375,1.5953150242326335,0.5755250403877221,Sao Miguel,Azores,Atlantic
47.147026265472476,3.1900976149743383,11.965381906007849,10.385428197645165,0.1710777900774882,10.697393579551173,12.035825701922109,2.495723055248063,1.3887491194525508,0.5232967696487874,Sao Miguel,Azores,Atlantic
47.5344563552833,2.480857580398162,12.782031648800407,10.270546197039303,0.1633486472690148,10.638080653394587,11.822358346094944,2.725880551301684,1.1740684022460435,0.4083716181725369,Sao Miguel,Azores,Atlantic
46.34492547906317,3.487782621920308,12.937240190611377,11.629321707391261,0.17236135050187573,9.9462638142553,11.294737909358208,2.5854202575281353,1.0747237148940487,0.5272229544763257,Sao Miguel,Azores,Atlantic
47.1101745936183,2.749347782460365,12.372065021071641,9.98394541440899,0.1705799719044752,12.171382701184024,11.007425245835842,2.5687336945615087,1.3847080072245632,0.4816375677302829,Sao Miguel,Azores,Atlantic
46.00164035267582,3.157678900963707,11.236415829403322,11.031371744925158,0.1742874718064384,12.56920237851138,11.913061308181257,2.1632150912446173,1.2200123026450687,0.5331146196432233,Sao Miguel,Azores,Atlantic
45.91758418816757,2.8707384934112286,10.612786781591085,10.795765864032312,0.17464336868556982,14.496009531177096,11.171889533494832,2.050382273799734,1.4333361457896008,0.47686381985099413,Sao Miguel,Azores,Atlantic
46.27154952565541,3.662144241558706,13.312251351627053,11.414872998061817,0.1836172600224421,9.323676425584006,11.027236560236663,2.8154646536774455,1.2853208201570947,0.7038661634193614,Sao Miguel,Azores,Atlantic
47.61904761904761,3.9025376604994437,14.821554948943483,10.777474471741986,0.15165301789505609,5.722373875240116,12.253563845920532,2.6488727125669795,1.5873015873015872,0.5156202608431908,Sao Miguel,Azores,Atlantic
45.08175455624841,2.8406287231109357,10.977931204286174,11.374723898416999,0.17998109638908472,12.626147010675757,13.00259136151782,2.287153785656656,1.1740994077614684,0.45498895593667993,Sao Miguel,Azores,Atlantic
46.4516129032258,3.1746031746031735,12.90322580645161,10.619559651817713,0.1740911418330773,10.977982590885816,11.27496159754224,2.457757296466973,1.4848950332821298,0.481310803891449,Sao Miguel,Azores,Atlantic
46.529674475106475,3.313245975503107,12.84873132744154,10.88841105376864,0.1689125707315042,9.44610287313884,12.615118030578964,2.3473057784756834,1.3214386922530783,0.5210592230021747,Sao Miguel,Azores,Atlantic
47.19936932748479,3.5071051727274565,15.463604940268036,10.733561076186046,0.18192476400315333,6.7615370621172,10.10693133350852,3.456570516059913,1.8495684340320588,0.7398273736128236,Sao Miguel,Azores,Atlantic
45.20746014605487,3.3646308057421406,12.577964057730517,11.601824567397347,0.17916226895490034,10.142699391743081,12.547459698657606,2.813518718491539,1.0178287810661477,0.547451564161852,Sao Miguel,Azores,Atlantic
46.30331705640311,3.194726679000739,13.44615975655374,10.827697067119594,0.1718682074145967,9.098905098419825,12.738467137787755,2.5274736384499517,1.1424180845793779,0.5489672742713294,Sao Miguel,Azores,Atlantic
46.29114909186469,3.4869970385793274,13.745843398457636,11.188712236832798,0.17182304248072047,8.651795550793924,11.82546821779076,2.7491686796915276,1.344262626466813,0.5447801170418137,Sao Miguel,Azores,Atlantic
46.21137651124376,4.104299887511781,14.593066266708558,11.948073005867629,0.19254740213018234,6.668220557982103,11.046140437994671,2.9591495485270123,1.5302451432451332,0.7468812387891809,Sao Miguel,Azores,Atlantic
46.70435434522724,3.64719469941037,14.690089761513992,11.488663303142665,0.19249083135776954,7.557797904889267,9.928474459506008,3.1001154944988145,2.087005855773712,0.6038133446801612,Sao Miguel,Azores,Atlantic
46.00205798680467,4.10588543873454,14.123438855597925,12.075540221536226,0.18158707100054475,7.727538688134293,10.390815729475616,3.0062748421201295,1.805782539394306,0.5810786272017431,Sao Miguel,Azores,Atlantic
46.297236379881,4.040855280524702,15.127825045180415,12.153024549718763,0.1827522488679513,6.7212215972546545,9.543728551993013,3.2895404796231236,1.9493573212581474,0.6944585456982151,Sao Miguel,Azores,Atlantic
47.34122017200307,3.583397262486373,14.23264828198813,11.264989704041668,0.17159930552751648,8.357895586869626,9.387491420034724,3.1695401138611863,1.8875923608026812,0.6036257923850284,Sao Miguel,Azores,Atlantic
46.23353499382878,4.006231916314267,14.16344616878781,11.836594298201241,0.18210145074155756,7.800012140096715,10.319082208688261,2.903506464601501,1.9727657163668737,0.5827246423729842,Sao Miguel,Azores,Atlantic
46.90079923824188,3.2921727327059633,13.269988553368654,11.395982536289875,0.17220595832615812,9.552365805974535,9.92716700939029,2.8971120047812478,2.1272500734407767,0.4649560874806269,Sao Miguel,Azores,Atlantic
44.674340341132854,3.4660775216833377,12.659425827874548,12.476250856088583,0.18307320791275172,10.27815119465699,10.746265011443349,2.9552228781469205,2.07293009737785,0.4882630636828142,Sao Miguel,Azores,Atlantic
45.6162208870044,3.31571649619195,11.655245865402005,11.755722122862368,0.17080963768261562,13.071961095593112,10.248578260956934,2.250668167112112,1.4468581074292144,0.46821935976528756,Sao Miguel,Azores,Atlantic
45.955957178328646,3.439573411486954,10.786827858509382,11.702690601213009,0.17808442219237186,11.36687426222168,12.242031994138477,2.096308055521635,1.5773191679895795,0.6543330483982578,Sao Miguel,Azores,Atlantic
49.672363099956854,3.0505855317953303,15.353275867259391,9.573219070173502,0.1605571332523858,6.602912105004366,8.027856662619289,3.6125354981786804,3.231212306704264,0.7154827250559441,Sao Miguel,Azores,Atlantic
45.44948426476096,4.787885536131835,14.070107600894822,13.20970533753075,0.18220283224180345,6.488445303722,10.729722343128424,2.6014515492301933,1.670192628883198,0.8108026034760253,Sao Miguel,Azores,Atlantic
47.12939160239931,3.9580528012404614,14.893703839719263,11.476312890194636,0.1836210062431142,5.824866364712122,10.303178683641407,3.0705512710654097,2.040233402701269,1.1200881380829968,Sao Miguel,Azores,Atlantic
45.6897315766472,3.5380253682429363,12.082056109231566,12.061681646990028,0.1745072690987662,10.482660823270894,12.367298580613086,1.9477985902909574,1.2255239038284633,0.43071613178609663,Sao Miguel,Azores,Atlantic
45.33786779811326,3.577806615382738,13.5769523352358,11.919242050109633,0.18092433111898495,8.736031502597417,12.020942067602036,2.6553874567266424,1.4034602413951613,0.5913856017183236,Sao Miguel,Azores,Atlantic
48.931861901387066,3.968816442239546,14.872937126657892,11.896324794978232,0.1619925078465121,5.588741520704668,8.909587931558166,3.0171104586412882,2.105902602004657,0.5467247139819784,Sao Miguel,Azores,Atlantic
46.910708868439684,3.0336737789463037,12.78187885529376,10.840327636768126,0.17190818080695724,10.66841945596117,11.396501162908281,2.4775002528061485,1.2336940034381636,0.4853878046314086,Sao Miguel,Azores,Atlantic
48.10898449717764,3.200813258678978,15.315276502615175,10.164336024948199,0.1898787526334984,5.929983033815801,11.905056945687756,3.1417335570368334,1.5685944823014104,0.47534294510472075,Sao Miguel,Azores,Atlantic
47.51210466673535,3.543834346347997,14.412279798083857,11.053878644277326,0.17513134851138357,7.28340372926754,10.950860203976513,2.8845163284227877,1.6585968888431029,0.5253940455341506,Sao Miguel,Azores,Atlantic
47.35766124910558,3.608300112439946,14.709189410201368,10.906674844117346,0.17377082694469997,7.359705611775529,10.405805989982621,3.158540325053664,1.7274864560973113,0.5928651742819175,Sao Miguel,Azores,Atlantic
46.60896130346232,3.2382892057026478,12.637474541751528,10.672097759674134,0.17311608961303465,10.80448065173116,11.659877800407331,2.4439918533604885,1.2932790224032586,0.4684317718940937,Sao Miguel,Azores,Atlantic
47.3972047802309,3.5041523192221993,15.596516102896496,10.674498683410977,0.18229694146242656,6.603200324083451,10.046586996151508,3.3522382013368444,1.873607453919384,0.769698197285801,Sao Miguel,Azores,Atlantic
47.56259580991313,3.5360245273377617,15.47266223811957,10.577414409810935,0.1839550332141032,6.540623403168114,10.005109862033724,3.45426673479816,1.9008686765457332,0.7664793050587634,Sao Miguel,Azores,Atlantic
46.48277276456111,3.6915504511894994,14.109926168990974,11.207957342083674,0.17432321575061527,7.731747333880229,11.75143560295324,2.737899917965545,1.4868744872846593,0.625512715340443,Sao Miguel,Azores,Atlantic
46.22679177480535,3.942902775004991,14.933120383310042,11.708923936913555,0.17967658215212615,7.207027350768616,11.110001996406469,2.605310441205829,1.4773407865841484,0.608903972848872,Sao Miguel,Azores,Atlantic
46.632808532249875,3.4941594718131035,13.3062468257999,11.721686135093957,0.17267648552564757,9.446419502285426,10.888776028440834,2.3463687150837993,1.4118842051802947,0.5789740985271712,Sao Miguel,Azores,Atlantic
46.216728142757454,3.1003887947363173,12.42149337055129,11.115541820356894,0.16947462865118135,11.823347622370651,11.155418203568935,2.3028611304954643,1.2062605921642906,0.48848569434752265,Sao Miguel,Azores,Atlantic
46.43909377222391,3.281519861830742,12.740018287107588,11.205933150462256,0.17271157167530224,10.54556537640963,11.612313319110026,2.316366961292289,1.188661993294727,0.4978157065935182,Sao Miguel,Azores,Atlantic
46.41172337649303,3.061326909565392,13.389541302820437,10.418548629930745,0.1706313359429891,10.247917293987756,11.80367359229148,2.569507176553247,1.4252735119943791,0.5018568704205562,Sao Miguel,Azores,Atlantic
47.49030810038767,3.111609875535605,13.017751479289942,10.334625586614978,0.1734339930626403,10.365231585390736,10.773311569067538,2.7443378902264843,1.4282799428688022,0.561109977555601,Sao Miguel,Azores,Atlantic
47.38325281803543,3.00925925925926,13.54669887278583,10.054347826086959,0.16103059581320453,9.309581320450887,12.328904991948471,2.405394524959743,1.3586956521739133,0.4428341384863125,Sao Miguel,Azores,Atlantic
47.18512430655434,3.544277789192521,15.4818163139511,10.797205670844463,0.18491884117526194,6.708444627080337,10.1191699198685,3.2977193342921716,1.900554756523526,0.7807684405177727,Sao Miguel,Azores,Atlantic
46.19822790026787,3.7502575726354825,13.249536369256127,11.477436637131671,0.18545229754790848,9.015042241912218,11.312590150422418,2.627240881928703,1.4939212858025959,0.6902946630949927,Sao Miguel,Azores,Atlantic
46.30716309186565,3.8547146904087413,14.042897612302713,11.624848239579118,0.18211250505868068,7.749898826386079,10.906515580736544,2.994738972076082,1.537838931606637,0.7992715499797652,Sao Miguel,Azores,Atlantic
47.054067710965136,3.648307225871652,13.90601313794846,11.147043961596765,0.18191005558362808,8.08489135927236,10.833754421424963,2.69833249115715,1.5967660434562911,0.8489135927235978,Sao Miguel,Azores,Atlantic
47.48339502545001,3.5004830596626437,15.635423022681893,10.68924826309609,0.18659726184627518,6.43811536228078,9.968168479831627,3.424008772020721,1.9006409621937528,0.7739197909361911,Sao Miguel,Azores,Atlantic
46.038838746547356,3.845450257052405,14.049239352962859,11.472437312703496,0.1897860116307204,7.713228280179004,10.721387309448769,3.6150683071049503,1.5527946406149795,0.8017697817554493,Sao Miguel,Azores,Atlantic
45.15497732883188,4.640658604537949,14.216231577177703,12.753166103323565,0.19514878764129207,6.746426412541632,10.928332107912357,2.9486879640459067,1.4804743104305316,0.9358968035571905,Sao Miguel,Azores,Atlantic
47.23656272133472,3.7635050298760944,14.42694061438977,11.656833719622545,0.18606785315694413,7.659621955096088,10.261487901727214,2.907181705678664,1.3569589291003648,0.5448395700175714,Sao Miguel,Azores,Atlantic
46.489861317016874,3.9926598875097015,14.90743833353481,11.963031957585994,0.18405514289575997,7.036253311931214,9.534878994817795,3.2101684699472797,1.979363966895743,0.7022886178648281,Sao Miguel,Azores,Atlantic
46.8287236780955,3.8649839568854913,15.89757787198376,11.396447072714459,0.1752618023408699,6.162860920910233,9.275551527396903,3.499086509893151,2.070344097827813,0.8291625619518337,Sao Miguel,Azores,Atlantic
45.93848400060287,4.117846968735171,13.705364519979527,12.428007349768963,0.18917350117109658,8.284776791828252,10.27467751225504,2.6719478841085214,1.7884565056662045,0.6012649658843512,Sao Miguel,Azores,Atlantic
46.69492969901907,3.5989800318551923,13.795070003054876,11.21699826178562,0.1775007158568037,8.26296435885119,10.908133072740187,2.8277700250290736,1.858656921213192,0.6589969105947991,Sao Miguel,Azores,Atlantic
46.02420958861318,3.5500993590219103,13.298524619707916,11.395095212587119,0.17422543043698727,9.451217173469995,11.431237947612676,2.7107427265048956,1.4327479514759307,0.5318999905693914,Sao Miguel,Azores,Atlantic
44.34774599477214,3.819535698924498,12.783626847672844,12.360431086075817,0.17803354181967881,10.912228296016528,11.663243351738666,2.442333703009048,1.0426217190474318,0.45019976092332625,Sao Miguel,Azores,Atlantic
47.472068795506104,3.536252524252295,14.187948115517043,11.239959407889819,0.17993074422330244,8.57738036382677,9.130462935558631,3.005661295548354,2.045689881766072,0.6246459359115797,Sao Miguel,Azores,Atlantic
49.04914265637675,3.6107917791033466,15.278941784015714,11.668426236892504,0.15734633106449192,6.534981386288907,7.505624337660781,2.588040627184149,2.8812769714407036,0.7254278899726585,Sao Miguel,Azores,Atlantic
47.881568141258704,3.6304758974795894,14.338794211037287,12.78060412203307,0.18924712342454836,8.199003752690592,8.443490577006624,2.4765799233017955,1.5814921773748745,0.4787440743929127,Sao Miguel,Azores,Atlantic
48.44652408952812,3.9105507505265056,14.868912872051737,13.241770209798354,0.1702468986591663,5.735064200614789,8.109290528301354,2.8767623538491613,2.065525625900962,0.5753524707698312,Sao Miguel,Azores,Atlantic
46.408150116775396,2.6777804622694696,9.966175404687124,10.419183377627448,0.17113634533301125,15.462672143029717,11.375533542723689,1.8925666425062417,1.2281549488604335,0.398647016187485,Sao Miguel,Azores,Atlantic
46.66318033710125,3.6707027635866285,13.274870268313288,11.67585180417555,0.1810209582042721,9.41308982662215,9.855585502232593,2.9466189307695405,1.7398125427410598,0.5792670662536706,Sao Miguel,Azores,Atlantic
47.45090500713281,3.5613472414735075,14.06327461831868,11.200032375884014,0.17199688382116374,8.468317162253767,9.510415928934936,3.146531227551877,1.8413784032618705,0.5858011513673752,Sao Miguel,Azores,Atlantic
47.60748609003541,3.571067273646939,14.08194233687405,11.03692463328275,0.1719777440566515,8.568538189175518,9.367728882144663,3.085483055134041,1.8917551846231662,0.6170966110268082,Sao Miguel,Azores,Atlantic
46.19626263657715,2.736648626569999,11.630756662922497,10.711732870417647,0.16338200755641785,13.315633615848055,11.508220157255183,2.2260798529561936,1.0619830491167161,0.4493005207801491,Sao Miguel,Azores,Atlantic
47.395094263125884,3.6945063855665925,12.284613825258463,10.439894587472127,0.17737684978714777,9.426312588688427,11.909588485708495,2.3109669572268396,1.7636326778836409,0.5980133792823839,Sao Miguel,Azores,Atlantic
45.71095645925505,2.898100985889369,9.484694135637936,12.3780446678833,0.20266440460764823,14.855300857740614,11.258007675954858,1.8645125223903638,1.0741213444205355,0.2735969462203251,Sao Miguel,Azores,Atlantic
46.219465455476325,3.422913962303023,12.982768342226262,11.733378415878255,0.19241232332472616,10.552296889703403,11.261184396689234,2.227932164812619,1.0835851892497739,0.32406286033638093,Sao Miguel,Azores,Atlantic
47.52277993905857,3.7153989839756867,16.5375639558483,10.244845196891713,0.18173147204228898,6.582717765087357,9.359170810177883,3.452897968803491,1.787026141749175,0.6158677663655349,Sao Miguel,Azores,Atlantic
50.36078178363403,2.7262828332730367,16.4985381792169,8.905937065360348,0.160961348089921,6.619535440198001,8.661732544088872,3.3801883098883407,2.162918114958313,0.5231243812922433,Sao Miguel,Azores,Atlantic
47.31770357070323,3.637491626191151,14.842986663541117,11.002704879189809,0.1616662944973845,6.941546519981448,9.891956394558713,2.960514017983354,2.586660711958152,0.6567693213956246,Sao Miguel,Azores,Atlantic
47.598117581019316,2.4907757764158163,14.813028296326584,11.587585042020704,0.18225188607920606,8.008957882702889,9.55809891437614,3.240033530296997,1.8832694894851294,0.6378816012772212,Sao Miguel,Azores,Atlantic
48.56850715746421,3.4253578732106336,15.848670756646216,9.662576687116562,0.18404907975460122,6.533742331288342,9.85685071574642,3.220858895705521,1.9529652351738238,0.7464212678936605,Sao Miguel,Azores,Atlantic
46.95314892313973,3.4500357252220057,13.75931407573747,10.105134224762681,0.17352250688986423,9.308972134326833,12.126161069715218,2.3272430335817083,1.2554863733796058,0.5409819332448708,Sao Miguel,Azores,Atlantic
47.830923248053395,2.447163515016685,12.650419658206088,9.556072403680856,0.17190818080695724,11.608858327434524,11.821215491960764,2.3966022853675804,1.1325715441399535,0.3842653453331985,Sao Miguel,Azores,Atlantic
46.889365614465206,3.1361732556951676,12.31995096536929,10.113392583512104,0.17366431709061192,12.136071100214526,11.349473899274694,2.186127285728879,1.2054346715701296,0.4903463070793747,Sao Miguel,Azores,Atlantic
45.977011494252885,3.682229681619368,12.58264672973248,10.985657613671043,0.18309429356118403,10.314311870613366,12.145254806225207,2.2886786695148005,1.3935510121045676,0.4475638287051166,Sao Miguel,Azores,Atlantic
47.166921898928024,3.869321082184787,14.987238386932106,11.026033690658497,0.1837672281776416,7.524247064828993,9.780500255232258,2.899438489025012,1.9091373149566104,0.6533945890760592,Sao Miguel,Azores,Atlantic
48.01207851031707,3.170608958228485,13.397081026673376,11.142425767488676,0.17111222949169605,8.857574232511325,9.350780070457978,3.090085556114746,2.3553095118268743,0.45294413688978363,Sao Miguel,Azores,Atlantic
47.2529725297253,3.5260352603526037,13.407134071340712,10.608856088560884,0.17425174251742517,9.81959819598196,10.475604756047561,2.3267732677326776,1.8552685526855268,0.5535055350553506,Sao Miguel,Azores,Atlantic
46.70217124129456,3.902089307660795,13.621466612044244,11.06104055714871,0.17410897173289638,9.125358459647686,10.01638672675133,2.458009012699713,2.2941417451863995,0.6452273658336748,Sao Miguel,Azores,Atlantic
45.46001805959667,4.103541687568978,14.156717166649942,12.420989264573091,0.1705628574295174,7.785692786194441,10.4444667402428,3.170462526336912,1.705628574295174,0.5819203371124712,Sao Miguel,Azores,Atlantic
46.63519485737243,3.6058658095620726,14.282844515869828,11.641221374045802,0.17075130574527925,8.376858175974286,9.511852149457614,3.2543190036159104,1.8782643631980716,0.6428284451586983,Sao Miguel,Azores,Atlantic
46.074193224087665,3.9810998290942,15.230722831004325,12.224791394390271,0.17090580074394293,6.72564592339399,9.570724841660804,3.4382225796722636,1.8900170905800744,0.6936764853724742,Sao Miguel,Azores,Atlantic
45.460957178841305,3.788413098236776,14.125944584382871,11.848866498740554,0.1712846347607053,8.392947103274558,10.891687657430731,2.8916876574307304,1.7632241813602016,0.6649874055415618,Sao Miguel,Azores,Atlantic
45.73121735636802,4.087987143431096,13.951386098834872,12.2840498192045,0.1807955002008839,7.965046203294496,10.405785456006427,3.10365608678184,1.6974688629971875,0.592607472880675,Sao Miguel,Azores,Atlantic
48.44363856149895,2.9616198247204593,13.589201168530272,10.778684396091467,0.17125012591921027,9.166918505087136,8.753903495517276,3.193311171552332,2.5083106678754916,0.4331620832074141,Sao Miguel,Azores,Atlantic
46.85127831420417,3.5394020363960244,15.445031477095606,11.609076739337262,0.19736442582133965,6.507965425801097,10.222465132284771,3.016133276654319,1.740855448270278,0.870427724135139,Sao Miguel,Azores,Atlantic
47.623330934676574,3.428080275045974,13.192612137203163,10.494123290957063,0.17590149516270884,8.68513632365875,11.523546813784279,2.8284160869912847,1.509154873270968,0.5396977692492204,Sao Miguel,Azores,Atlantic
45.541123786752046,3.233977021742214,10.91163299629187,10.66847682924358,0.1722356183258698,12.400964519462624,13.870033028712692,1.8540657737431867,0.9624931612328018,0.3849972644931207,Sao Miguel,Azores,Atlantic
46.46878198567042,3.920163766632549,14.493346980552715,12.057318321392017,0.1842374616171955,7.860798362333675,9.518935516888435,2.9170931422722624,1.9037871033776872,0.6755373592630503,Sao Miguel,Azores,Atlantic
46.80883785161298,4.032604351447574,14.292774916523046,11.078521769345894,0.16334599904597769,7.319942582247874,10.331634439658087,3.348592980442542,1.9703611134921055,0.6533839961839107,Sao Miguel,Azores,Atlantic
48.7517162031131,3.6131124526699967,14.776314232207833,10.117502262850833,0.14169068441843127,6.618979114975289,9.341464408443718,3.2588857416239194,2.682002240777449,0.6983326589194112,Sao Miguel,Azores,Atlantic
47.90585983750768,3.6136320737100185,14.787628458059155,11.607329414864138,0.17159705377952605,6.540875932301933,9.77093812109301,3.04837119067158,1.9885070349745075,0.5652608830384387,Sao Miguel,Azores,Atlantic
48.25393621316108,3.0076705692369803,13.807024626564393,10.708518368994751,0.16148566814695198,8.770690351231329,9.113847396043601,3.2095276544206706,2.5030278562777553,0.4642712959224869,Sao Miguel,Azores,Atlantic
47.35159611474291,2.5677424024647095,15.972570849977327,10.189671246076864,0.1617475529111628,8.744477079259738,10.594464715681164,2.9417836185717734,1.0109222056947675,0.46502421461959303,Graciosa,Azores,Atlantic
46.315515495924565,2.6229653733261573,15.233375822009606,10.294584232245427,0.17150158210209493,10.138770000741493,11.309016090379318,2.5523470748135297,0.8776845672283681,0.48423976122944445,Graciosa,Azores,Atlantic
46.50947281713344,3.1919275123558486,16.26853377265239,10.636326194398682,0.16474464579901155,8.412273476112025,11.017298187808896,2.4917627677100493,0.8443163097199341,0.4633443163097199,Graciosa,Azores,Atlantic
47.20293997550021,3.3380971825234793,17.24173131890568,9.687627603103307,0.15312372396896692,7.166190281747651,10.718660677827685,2.9195590036749692,1.102490812576562,0.4695794201714986,Graciosa,Azores,Atlantic
46.62726716934991,2.7817403708987163,15.386183003872024,9.659669859384556,0.1630324026900347,9.85327083757897,11.300183411453029,2.904014672916243,0.9272467902995722,0.39739148155695947,Graciosa,Azores,Atlantic
46.021419277349615,4.6641977780002,14.613151836652987,11.120008007206486,0.1501351216094485,5.885296767090382,11.63046742067861,2.952657391652487,2.1419277349614654,0.8207386647983185,Graciosa,Azores,Atlantic
49.513381995133834,2.6459854014598543,16.02798053527981,9.620843471208437,0.16220600162206003,6.75182481751825,9.68167072181671,3.578669910786699,1.348337388483374,0.6690997566909977,Graciosa,Azores,Atlantic
50.0522116447175,2.3003538226020663,16.322475338868784,9.398096049149913,0.15004511491630929,7.0156229406814905,9.256161480985838,3.7409896894674417,1.2267201962752317,0.537323722335432,Graciosa,Azores,Atlantic
50.19483182936833,2.3625922887612796,16.32485643970468,9.321164889253488,0.1497128794093519,6.829368334700575,9.21862182116489,3.8453650533223955,1.251025430680886,0.5024610336341263,Graciosa,Azores,Atlantic
46.347411708282735,3.2847273951775016,17.19405300054082,10.030714599128562,0.1530627863549628,7.887835590159082,10.540923886978437,3.0000306125572704,1.0714395044847396,0.4898009163358809,Graciosa,Azores,Atlantic
49.01074620869741,2.5911419102139206,16.119313046098227,9.701717384754446,0.16069097117605707,7.411871045495633,10.043185698503567,3.26403535201366,1.2152254695189317,0.4820729135281712,Graciosa,Azores,Atlantic
47.776879547291834,2.445432497978981,15.481002425222313,9.276475343573159,0.15157639450282942,9.690784155214228,11.216653193209376,2.7283751010509296,0.8387227162489894,0.39409862570735654,Graciosa,Azores,Atlantic
48.05260495700557,3.0045523520485586,15.660091047040972,9.711684370257966,0.15174506828528073,8.204350025290845,10.703085483055135,3.0854830551340413,0.981284774911482,0.44511886697015685,Graciosa,Azores,Atlantic
47.39217652958877,2.9488465396188563,15.336008024072214,9.829488465396189,0.15045135406218654,9.237713139418254,10.812437311935806,2.9889669007021062,0.892678034102307,0.41123370110330987,Graciosa,Azores,Atlantic
48.95801565517942,3.1107044830741084,15.87882484497306,10.267357934329572,0.16265121480126057,6.770356816102471,9.769238589000711,3.303852800650605,1.179221307309139,0.5997763545796483,Graciosa,Azores,Atlantic
47.49949382466087,2.581494229601134,15.377606802996556,9.657825470743065,0.15185260174124315,10.062765742053047,10.325976918404535,2.854828912735371,0.9617331443612067,0.5264223527029763,Graciosa,Azores,Atlantic
48.54063489486076,2.618332386132987,17.049606235284568,9.783226435008526,0.16136234472680036,7.347568401396444,10.219615166030689,2.537143785012584,1.20768044166599,0.5348299098806528,Graciosa,Azores,Atlantic
48.762662660630546,3.0755800970381046,16.68730587303843,10.576747396414868,0.17154225623743885,6.475973933697396,9.785013906088228,2.568058628880001,1.299254958484744,0.5978602894902454,Graciosa,Azores,Atlantic
47.91982994230185,3.2189492863650164,16.80332017410669,9.413908290312785,0.1417147484563215,7.095859904848669,10.831055774875999,3.0671120558761005,1.0426156493572223,0.465634173499342,Graciosa,Azores,Atlantic
49.25175608266313,2.4636058230683084,16.90929451287794,8.907665682581694,0.14252265092130711,6.99379008449557,10.638297872340424,3.2373002137839757,1.0485595032067596,0.40720757406087743,Graciosa,Azores,Atlantic
50.58298692081517,2.41305890702626,16.881273446213118,9.08445706174592,0.16222244753117712,6.164453006184732,9.185846091452905,3.6905606813342797,1.2673628713373213,0.56777856635912,Graciosa,Azores,Atlantic
49.766069975589915,2.4104963384865745,16.385272579332792,9.438567941415785,0.1627339300244101,7.089096826688365,9.59113100081367,3.508950366151343,1.1187957689178196,0.5288852725793328,Graciosa,Azores,Atlantic
47.63257191544611,3.032823467359111,17.67963646691281,9.849068852192966,0.15316265671278453,7.140828498397371,10.589524080009738,2.3329411287377773,1.1461841197711689,0.44325881446017773,Graciosa,Azores,Atlantic
48.13672702514765,3.334319501846238,16.541036805845643,10.706522015316535,0.1807763585338322,5.865188521319889,8.978559140513664,3.987123018773966,1.516512785478259,0.7532348272243008,Sao Jorge,Azores,Atlantic
47.16403123779248,3.962262564440454,14.96182607030441,13.092358001331522,0.18147767470719633,5.656054195040953,9.739301875952872,3.2665981447295342,1.572806514129035,0.4032837215715475,Sao Jorge,Azores,Atlantic
45.2791461412151,3.858784893267652,14.80911330049261,11.8431855500821,0.18472906403940886,8.67200328407225,10.652709359605913,3.0582922824302137,1.0673234811165846,0.574712643678161,Sao Jorge,Azores,Atlantic
46.44217897229946,3.305529811553908,14.313664916074556,11.008135104520646,0.19565441252188243,9.103078982597054,10.596231078158787,3.151065801668211,1.2666048810627124,0.6178560395427866,Sao Jorge,Azores,Atlantic
45.31521405946664,3.862266271584755,14.846224583631345,11.821804434453867,0.18391744150403597,8.37846122407275,10.636558700316746,3.2798610401553083,1.1035046490242157,0.5721875957903342,Sao Jorge,Azores,Atlantic
45.509955302722474,3.138967899227956,13.906948394961397,11.377488825680619,0.17269402681836654,10.605444941080862,11.235270215359611,2.7834213734254374,0.8533116619260462,0.41649735879723687,Sao Jorge,Azores,Atlantic
46.19841431185201,3.9632039032323645,15.877210815206343,11.852002439520229,0.1839804838381785,7.105102663142916,9.595446228908315,3.4254929863793455,1.1587721081520634,0.6403740597682456,Sao Jorge,Azores,Atlantic
46.47396724517233,2.9953963985985497,15.644096797848936,10.745131589668379,0.16601482930008962,9.14609304978408,10.541432412613053,2.9332681495966755,0.8860914201906624,0.46850810722724684,Sao Jorge,Azores,Atlantic
46.37906995817273,3.9951201509062577,17.017961125235793,11.62552284097433,0.18145657344377922,5.740998933814483,9.564914295087345,3.680390387927499,1.1379480029525137,0.6766177314852785,Sao Jorge,Azores,Atlantic
45.80819468990593,4.030308570499928,14.97145875231072,11.253986633351614,0.17876368659475486,8.399861864423992,10.136713592134395,2.9760091006967717,1.564182257704105,0.68052085237776,Sao Jorge,Azores,Atlantic
47.561752424092276,3.5196101230498558,16.55157073091817,11.081564765477285,0.17390776821734422,6.106993721120692,8.938050413030947,3.852259284349311,1.4256392627119496,0.7886515070321424,Sao Jorge,Azores,Atlantic
46.447583947583944,3.3374283374283373,14.844389844389843,10.933660933660933,0.17403767403767403,8.783783783783782,10.636773136773137,3.2555282555282554,1.0544635544635543,0.5323505323505323,Sao Jorge,Azores,Atlantic
46.54434250764526,3.3944954128440377,14.209989806320083,10.560652395514783,0.17329255861365958,10.183486238532112,10.407747196738026,2.9663608562691137,1.0193679918450562,0.5402650356778799,Sao Jorge,Azores,Atlantic
45.968650752996616,3.749615818051429,15.408257350681282,11.894273127753303,0.18440733531400472,8.165147013625653,10.203872554041595,3.0324761807191885,0.9220366765700236,0.47126319024690094,Sao Jorge,Azores,Atlantic
47.55158607945797,3.551996714916333,17.133764500564627,9.51647674776717,0.1437224104301407,6.436710809978442,10.943434965609281,3.018170619032954,1.0984498511446465,0.6056873010984499,Sao Jorge,Azores,Atlantic
46.255102040816325,3.1428571428571432,15.091836734693874,11.653061224489795,0.17346938775510207,8.897959183673471,10.591836734693878,2.86734693877551,0.8673469387755102,0.4591836734693878,Sao Jorge,Azores,Atlantic
46.67823247270129,3.6738442698234506,15.644453515664864,11.439942851311358,0.17348709051944075,6.949688743749362,9.664251454230023,3.7452801306255736,1.2450250025512806,0.7857944688233494,Sao Jorge,Azores,Atlantic
45.41547277936963,4.001227998362669,15.319279574293901,12.198117069177242,0.18419975440032746,7.521489971346705,10.386819484240688,3.264428980761359,1.0949652067130577,0.6139991813344249,Sao Jorge,Azores,Atlantic
46.33722119909965,3.7241661551053817,15.858399836300388,11.643134847554737,0.18416206261510126,7.28463269899734,10.159607120933087,3.171679967260078,0.9310415387763454,0.7059545733578881,Sao Jorge,Azores,Atlantic
46.26713029249335,3.395377377786868,16.16895070566578,11.249744323992635,0.1738596850071589,7.128247085293515,10.62589486602577,3.4976477807322555,0.8897525056248721,0.6033953773777867,Sao Jorge,Azores,Atlantic
45.868741681171294,3.870175079348828,16.484079041670938,11.682195146923315,0.17405549298658754,6.767687109654961,9.491143646974507,3.6654039111293133,1.2695812429609912,0.7269376471792772,Sao Jorge,Azores,Atlantic
45.10296333500753,3.987945755901557,16.36363636363636,12.496233048719235,0.18081366147664488,6.840783525866398,9.462581617277749,3.6062280261175284,1.2355600200904067,0.7232546459065795,Sao Jorge,Azores,Atlantic
45.64543545645435,3.1496850314968503,13.788621137886208,11.018898110188982,0.16998300169983002,10.888911108889111,11.57884211578842,2.52974702529747,0.7999200079992,0.42995700429956996,Sao Jorge,Azores,Atlantic
45.87478645362273,3.81871168726761,16.500854185508988,11.787760024118175,0.1808863430810973,6.592302281177768,9.446286805346194,3.748366998291628,1.2863028841322475,0.763742337453522,Sao Jorge,Azores,Atlantic
44.340664858893234,4.157878879180475,16.219744903083257,13.196746007833685,0.18077734257306416,7.080445917445013,9.480767299387365,3.474942251682233,1.1850959124234206,0.6829366274982425,Sao Jorge,Azores,Atlantic
45.54963290757317,3.640752288041839,16.47390123705119,11.415065875490296,0.16091722820074428,7.975460122699387,11.022830131750982,2.4640450568238963,0.8347581212913608,0.46263703107713977,Sao Jorge,Azores,Atlantic
45.0110864745011,3.7996371699254174,16.226567224349928,11.781898810723643,0.17133642410804273,7.53880266075388,10.441443257407778,3.2755492844184637,1.1288046764765167,0.6248740173352146,Sao Jorge,Azores,Atlantic
45.54294975688817,3.636547811993517,16.33914100486224,11.446515397082658,0.1620745542949757,7.982171799027553,11.010940032414911,2.5425445705024305,0.8812803889789304,0.4558346839546192,Sao Jorge,Azores,Atlantic
47.20853032894074,3.4402977567649122,17.66421889145961,11.326828286892663,0.18106830298762694,5.5125238909566425,9.174127351373098,3.299466854441202,1.428427723569057,0.7645106126144249,Sao Jorge,Azores,Atlantic
46.32620104965683,3.00767056923698,13.93823173193379,11.04158255954784,0.17157852240613647,10.294711344368185,11.162696810658053,2.6140492531287847,0.9890997174000805,0.45417844166330235,Sao Jorge,Azores,Atlantic
46.99475594997982,3.559903186768857,17.194433239209356,11.536910044372728,0.18152480839047996,5.808793868495359,9.076240419524,3.4489713594191196,1.4017749092375953,0.7966922146026623,Sao Jorge,Azores,Atlantic
46.62447257383967,3.3453887884267632,15.923246935905164,10.980510347598955,0.17078561382358853,7.494474583082178,10.458107293550333,2.87321679726743,1.5672091621458712,0.5625879043600563,Sao Jorge,Azores,Atlantic
47.31182795698924,3.477037483669982,17.174153351421964,11.265199477439452,0.18088634308109736,5.7079690483368495,8.99407094764345,3.6780223093156463,1.4269922620842124,0.7838408200180885,Sao Jorge,Azores,Atlantic
46.31102164066432,3.27126321087066,15.128334172118773,11.092098641167592,0.17111222949169608,9.139406139909413,10.639154504277808,2.7780573729240063,0.9763462506290892,0.49320583794665335,Sao Jorge,Azores,Atlantic
46.20412267471091,3.086978381096028,15.223730517848166,11.754650578179989,0.17094017094017094,9.019607843137255,10.598290598290596,2.654600301659125,0.8547008547008547,0.43237807943690293,Sao Jorge,Azores,Atlantic
47.69970933146237,3.437907186529017,16.598175804350003,10.995289165079685,0.19043800741705924,6.154154555477598,8.910494136513982,3.6985065650997297,1.5134810063145234,0.801844241756039,Sao Jorge,Azores,Atlantic
47.085381759807376,3.3109260559847504,15.36069027791713,10.986254640313035,0.16052974816895763,8.387679341828035,10.08327480686265,3.220628072639712,0.9130129427109465,0.4916223537674327,Sao Jorge,Azores,Atlantic
47.34197568083609,3.175560245201487,16.23957391216963,10.491407898703647,0.1708371017988142,7.526881720430108,9.496533011757611,3.527283690081399,1.3767460556727968,0.6532006833484072,Sao Jorge,Azores,Atlantic
47.3024468511833,3.229041315683914,16.385880465302844,10.870437224227834,0.1805054151624548,7.1500200561572385,9.16566385880465,3.630164460489369,1.4039310068190929,0.6819093461692738,Sao Jorge,Azores,Atlantic
47.81870819606668,3.224518318857941,16.4021164021164,11.001297793750622,0.1796945193171608,6.668663272436856,8.80503144654088,3.66377158829989,1.4774882699410998,0.7587101926724568,Sao Jorge,Azores,Atlantic
45.22165515861104,3.7326128289802876,16.041228860202146,11.728209746822781,0.17011908335835094,7.995596917842493,10.417292104473134,3.072150505353749,1.0707495246672674,0.5503852696887823,Sao Jorge,Azores,Atlantic
46.19172025723473,3.768086816720257,17.855707395498392,11.183681672025724,0.17081993569131837,5.566720257234727,9.756832797427654,3.4867363344051454,1.3364147909967847,0.6832797427652735,Sao Jorge,Azores,Atlantic
46.46525679758307,3.736153071500503,17.41188318227593,11.500503524672707,0.17119838872104734,5.619335347432024,9.154078549848942,3.7562940584088613,1.4602215508559917,0.7250755287009063,Sao Jorge,Azores,Atlantic
46.25563909774436,3.799498746867167,17.363408521303256,11.558897243107767,0.17042606516290726,5.724310776942355,9.20300751879699,3.7593984962406015,1.433583959899749,0.7318295739348369,Sao Jorge,Azores,Atlantic
46.1917697957541,3.541603783076769,17.68789616661636,11.107757319649865,0.17104336452359398,6.026763255860752,9.749471777844855,3.5114196599255463,1.2979172955025657,0.7143575812455982,Sao Jorge,Azores,Atlantic
45.61210178320977,3.376076938489281,14.906832298136646,11.320376678020438,0.17030655179322782,9.71749148467241,10.498898016429573,2.8751753155680224,1.0619114405930674,0.4608294930875576,Sao Jorge,Azores,Atlantic
43.81401887929303,4.137376983329986,15.645711990359509,12.43221530427797,0.17071701144808196,8.947579835308295,10.514159469773048,2.8118096003213493,1.014259891544487,0.5121510343442459,Sao Jorge,Azores,Atlantic
46.475860664086376,2.994499898146262,15.644734161743736,10.745569362395601,0.16296598085149727,9.146465675290285,10.54186188633123,2.9333876553269507,0.8861275208800163,0.46852719494805467,Sao Jorge,Azores,Atlantic
46.376217324449,3.997949769349051,17.016914402870324,11.624807790876472,0.18452075858534084,5.740645822655047,9.5643259866735,3.680164018452075,1.1378780112762685,0.6765761148129164,Sao Jorge,Azores,Atlantic
45.80540320942514,4.032094251472679,14.970546414787728,11.253300832825511,0.18281535648994512,8.39934998984359,10.13609587649807,2.9758277473085513,1.5640869388584195,0.6804793824903512,Sao Jorge,Azores,Atlantic
47.563195146612735,3.518705763397371,16.552072800808897,11.081900910010113,0.17189079878665317,6.107178968655207,8.938321536905965,3.852376137512639,1.4256825075834174,0.788675429726997,Sao Jorge,Azores,Atlantic
46.28198599197218,3.5168682364720505,17.755160496703184,11.053378202141188,0.19091570426562557,5.807856687659557,9.505592433435885,3.737928525621722,1.4268436845115176,0.7234700372171075,Sao Jorge,Azores,Atlantic
48.422632495562574,2.1877997687114283,13.648659107557531,9.738205872520238,0.17060823884446918,9.202809118845776,11.972684055379512,2.7698749365337347,1.5053668133335514,0.3813595927111664,Flores,Azores,Atlantic
46.77478820683815,3.3728896649798843,14.798173575182014,12.164686149071594,0.20328497170013896,5.864573921992051,9.875577847914075,4.223708679569404,1.843441198277294,0.8788757844753889,Flores,Azores,Atlantic
46.88270766009282,3.503367460964634,14.13427561837456,12.765143507192978,0.20828928956137435,5.949684394914077,9.362447524991696,4.157732072926419,2.1543696455357235,0.8819828254457229,Flores,Azores,Atlantic
46.55064510407897,3.3738260410444787,14.70825068648696,11.925608664719155,0.3135313867750096,5.983189988196705,10.22340640231907,4.270794897878058,1.8856731649342255,0.7650736635673674,Flores,Azores,Atlantic
46.706594147818635,3.3521966567697055,15.120546622025055,11.51362377553121,0.25727345162138315,5.665110459464913,10.515097111812572,4.269210939776617,1.8136504708358894,0.7866963643440394,Flores,Azores,Atlantic
48.592411260709916,2.2541819665442677,16.63606691146471,9.598123215014281,0.1937984496124031,6.803345573235414,10.006119951040393,3.8147694818441455,1.4789881680946553,0.6221950224398205,Flores,Azores,Atlantic
45.65239499644056,2.8373843181124783,15.55984948642327,11.064781857012102,0.1830570527814502,8.044340486118173,10.190175938167394,4.43404861181735,1.3220787145326962,0.7118885385945286,Flores,Azores,Atlantic
47.41116751269035,2.5380710659898473,16.548223350253803,10.548223350253807,0.2030456852791878,5.847715736040608,10.517766497461926,4.142131979695431,1.4720812182741114,0.7715736040609136,Flores,Azores,Atlantic
47.07495429616088,1.8484663822872234,13.802559414990858,9.811090798293725,0.17265894779605934,10.664229128580134,11.791590493601463,3.2094251472679263,1.157830591102986,0.4671947999187488,Flores,Azores,Atlantic
45.29088689991863,3.5292921074043937,16.069975589910495,11.604963384865744,0.19324654190398696,6.560211554109031,10.933685923515052,3.3970707892595606,1.3934092758340113,1.0272579332790885,Flores,Azores,Atlantic
46.3669575806779,2.0093363101278667,15.272985589608282,9.813273797442664,0.17251877410188757,9.914755429267302,12.309721940328803,2.6080779378932415,0.9945199918814694,0.5378526486705907,Flores,Azores,Atlantic
45.90113601473749,3.469450414491863,16.33404973902364,11.442022310920068,0.20468734008801553,6.19179203766247,10.572101115546003,3.111247569337836,1.4839832156381125,1.2895302425544979,Flores,Azores,Atlantic
46.47572618322162,2.000812512695511,15.904936014625228,10.999390615478367,0.17265894779605934,7.871216737761529,12.441600650010157,3.4023969124517572,0.3656307129798903,0.3656307129798903,Flores,Azores,Atlantic
45.98168870803662,2.848423194303153,15.798575788402847,11.241098677517803,0.18311291963377413,7.741607324516784,10.122075279755848,4.09969481180061,1.271617497456765,0.7121057985757883,Flores,Azores,Atlantic
46.4350636235104,2.7974146637043025,15.814986871339123,11.098767925671583,0.1817814582912543,7.917592405574632,9.846495657442942,3.888103413451828,1.3128660876590588,0.7069278933548778,Flores,Azores,Atlantic
48.823290728342464,1.825928180158247,15.804422803814159,9.606411036721443,0.18259281801582466,7.4152972205315475,9.981740718198417,4.534388314059646,1.4100223168999793,0.4159058632582673,Flores,Azores,Atlantic
47.59215525207928,2.721018585070336,16.100215627887877,10.411746585891777,0.17455590923092726,7.844747920731082,9.53896703973714,3.552726152582401,1.4477872471506317,0.6160796796385666,Flores,Azores,Atlantic
46.40819595385441,2.6444558022485567,15.55621159428791,10.869819210577052,0.19032068273758554,8.464261942803144,10.016878038820291,3.225434728500134,1.9332574614923164,0.6911645846786,Flores,Azores,Atlantic
48.14889538989207,2.471502067991527,13.991728033894887,9.996973670937155,0.1714919802279835,9.684253001109655,10.360133158478767,3.419751841016847,1.281145969938465,0.4741248865126602,Pico Alto,Azores,Atlantic
47.924032730578844,2.323467016870391,12.930599050409134,9.8393777149207,0.16163248813011416,11.768865541973938,10.78896858268512,2.778058389736337,1.0809172643701384,0.40408122032528543,Pico Alto,Azores,Atlantic
46.91056910569106,3.3028455284552853,16.61585365853659,10.904471544715449,0.17276422764227645,6.880081300813008,10.08130081300813,3.373983739837399,1.1890243902439024,0.5691056910569107,Pico Alto,Azores,Atlantic
46.859271189853025,1.9629555063418562,11.31467686732434,10.207368632977651,0.1610630159049728,14.666800885846587,11.214012482383733,2.4964767465270787,0.8053150795248641,0.31205959331588484,Pico Alto,Azores,Atlantic
47.48994963496671,3.217726881644687,15.600078490960959,9.822942505371095,0.17338452017368639,5.584128725175975,11.671304006561039,3.138330255749714,2.0122868542734804,1.289868125122642,D. Joao Castro Bank,Azores,Atlantic
48.45475732090384,2.22514945789847,14.834329719323133,10.011146012767252,0.17630965650015198,8.227783970007092,10.659641301043672,3.424865741209849,1.5401763096565002,0.4458405106900395,D. Joao Castro Bank,Azores,Atlantic
48.11713373036265,2.2803994477866114,15.185868174168906,10.258270604713966,0.175337827624777,8.01112488285619,10.369116357810087,3.6176023055916633,1.5921480899261362,0.39299857915898295,D. Joao Castro Bank,Azores,Atlantic
46.26168224299065,2.4685087362860627,14.211702559934986,10.351483136936205,0.18285249898415276,9.416903697683868,12.251117431938237,3.169443315725315,1.188541243396993,0.497765136123527,Corvo,Azores,Atlantic
45.01815248083904,3.368293666801129,15.27833803953207,13.140379185155302,0.20169423154497781,6.020572811617587,11.153691004437274,4.013715207745058,1.2505042355788623,0.5546591367486889,Corvo,Azores,Atlantic
45.94017094017094,2.7065527065527064,14.03133903133903,11.100936100936101,0.18315018315018314,8.913308913308914,12.148962148962148,3.337403337403337,1.1396011396011396,0.49857549857549854,Corvo,Azores,Atlantic
45.88199451609628,2.0107646999086013,12.673910835787549,9.789783690464102,0.16248603635625064,11.66852848583325,14.115974408449276,2.9349040316847774,0.45699197725195495,0.30466131816796993,Corvo,Azores,Atlantic
45.29836332215106,2.6227508386703264,15.146894378367387,11.019619802785401,0.1931483175764969,8.213886347463657,12.239503913794856,3.6088238284029686,1.1995527091592966,0.4574565416285453,Corvo,Azores,Atlantic
46.23197237456836,2.335973999593744,12.939264676010565,10.349380459069673,0.17265894779605934,10.907982937233395,13.416615884623198,2.356286816981515,0.8937639650619542,0.3960999390615479,Corvo,Azores,Atlantic
46.17258883248731,1.8274111675126905,11.431472081218272,8.80203045685279,0.15228426395939085,12.436548223350254,14.730964467005075,3.3705583756345177,0.7715736040609138,0.3045685279187817,Corvo,Azores,Atlantic
45.89013224821973,2.746693794506612,15.645981688708035,11.007121057985756,0.18311291963377413,6.8158697863682605,12.197355035605288,3.702950152594099,1.2919633774160733,0.5188199389623601,Corvo,Azores,Atlantic
45.8659793814433,2.670103092783505,17.75257731958763,10.412371134020617,0.17525773195876287,5.835051546391753,12.422680412371134,3.2474226804123707,1.0721649484536082,0.5463917525773196,Corvo,Azores,Atlantic
45.46755237608585,2.135922330097087,13.346959632089932,10.454777721001532,0.17373530914665303,11.384772611139498,13.367399080224832,2.7899846704138986,0.5416453755748595,0.33725089422585586,Corvo,Azores,Atlantic
46.470469255663424,2.9126213592233006,16.34304207119741,12.075242718446601,0.20226537216828477,5.612864077669903,11.336974110032362,3.195792880258899,1.3248381877022652,0.5258899676375405,Corvo,Azores,Atlantic
46.300254452926204,2.4020356234096685,13.628498727735366,10.687022900763358,0.18320610687022898,10.198473282442746,12.834605597964375,2.442748091603053,0.9160305343511449,0.4071246819338422,Corvo,Azores,Atlantic
46.266233766233775,2.7191558441558445,15.04667207792208,11.495535714285715,0.20292207792207795,7.822646103896106,12.033279220779223,2.8003246753246755,1.1465097402597402,0.4667207792207793,Corvo,Azores,Atlantic
46.12572357063065,2.427135168071494,14.024576012998882,10.795166040418403,0.18279679090078196,9.972580481364883,12.521580176703564,2.5591550726109475,0.9850715954097694,0.4062150908906266,Corvo,Azores,Atlantic
45.45547594677585,2.6305015353121806,14.564994882292734,11.791197543500513,0.19447287615148415,9.692937563971341,12.354145342886389,1.9856704196519959,0.9007164790174003,0.42988741044012285,Corvo,Azores,Atlantic
45.23713011755168,2.4827725982975273,14.025131738954194,11.157276043777866,0.1722740170247264,10.82286177543575,13.11309282529388,2.1483583299554114,0.4965545196595055,0.3445480340494528,Corvo,Azores,Atlantic
45.99263954201594,2.801063177264363,16.264567573093434,11.33714986710284,0.1942343079124923,7.2275608260069495,12.349212839910036,2.9339603353097523,0.4600286240032712,0.43958290738090355,Corvo,Azores,Atlantic
45.80557624231049,3.4624526896748726,15.088295604092918,10.681166664966387,0.1724085163686074,7.9675178274486615,11.191251032920848,2.8564724605449747,2.0607408465360173,0.7141181151362437,Hirondelle Basin,Azores,Atlantic
45.51534065577758,3.5251084181088648,15.026547237871357,11.054594090706441,0.17529283021926803,8.1870870992583,11.024196490090384,2.7256515219065376,1.9961091071211448,0.770072548940137,Hirondelle Basin,Azores,Atlantic
45.59521985598283,3.515652928859608,15.177978652775648,10.969817680404473,0.17670190490781876,7.762627036412847,10.98003166334712,2.788417343343036,2.22664828149737,0.8069046524692304,Hirondelle Basin,Azores,Atlantic
45.86821619104502,3.495540730692528,15.154429405869433,10.710344897401376,0.17209438871060811,7.815109887328791,11.044410475486673,2.955974206088092,2.0853790631991336,0.6985007541783504,Hirondelle Basin,Azores,Atlantic
45.92217537772578,3.0601335404353174,12.95059810784096,10.570270106711314,0.16339539668771308,10.388719665947189,12.355516107558548,2.7535150182559054,1.3616283057309422,0.474048373106328,Hirondelle Basin,Azores,Atlantic
47.12471247124713,3.3003300330033,12.581258125812584,11.641164116411643,0.16001600160016002,12.471247124712473,8.990899089908993,2.3802380238023804,0.9000900090009001,0.45004500450045004,Fatu Hiva,Marquesas,Pacific
48.73038993738451,3.859036860374437,14.742726755649219,11.664234367991362,0.15074362735837646,6.572422152825215,8.833576563200861,3.1957648999975814,1.5576841493698903,0.6934206858485318,Fatu Hiva,Marquesas,Pacific
47.03428591506425,3.925440726575344,12.486350218124672,12.027526042408393,0.1622921230625465,9.767957156827018,9.666524579912924,2.566244195926516,1.8257863844536482,0.5375926576446853,Fatu Hiva,Marquesas,Pacific
46.80717232076644,3.88713575140101,12.368159209003213,12.170924931331477,0.1615433039543277,10.086360040648334,9.591633672288207,2.594789319766388,1.7971692564918955,0.5351121943487105,Fatu Hiva,Marquesas,Pacific
48.44606946983547,3.412553321145643,13.304895388990454,10.694698354661792,0.17265894779605934,7.921998781230958,11.273613650213285,3.0469226081657528,1.2492382693479587,0.4773512086126345,Fatu Hiva,Marquesas,Pacific
46.15072522568211,3.5297697535246977,11.765899178415658,11.867329343746826,0.1724312810629881,12.374480170402675,10.143016533116947,2.434323967948067,1.0548737194441624,0.5071508266558474,Fatu Hiva,Marquesas,Pacific
47.431627813099205,3.5624180038348974,13.018468059339995,11.444141689373296,0.17156120698355032,10.697345847209606,8.578060349177514,3.229387425572712,1.2211121202946815,0.6458774851145423,Fatu Hiva,Marquesas,Pacific
48.06719287593605,3.8858530661809354,14.167172637117995,10.473588342440802,0.16191054442420563,6.881198138028739,11.63732038048978,2.8334345274235986,1.305403764420158,0.5869257235377454,Fatu Hiva,Marquesas,Pacific
44.3981669358798,2.59901691673507,12.248123028865665,11.520868980282875,0.22511170144949424,14.611795894085352,11.583020274583069,1.688337760871207,0.8185880052708882,0.3069705019765831,Fatu Hiva,Marquesas,Pacific
45.72575822401761,4.042055975603766,17.239368735950062,10.599826959583684,0.18189251890216948,7.62938065395211,11.196495052422433,2.0715536874969303,1.04082941371797,0.27283877835325426,Fatu Hiva,Marquesas,Pacific
46.394326551991554,3.3329848786796594,13.146773688125322,11.305569061802407,0.21602679769220012,11.12023658596516,10.719043961679645,2.366007784247906,0.925829132966572,0.4732015568495813,Fatu Hiva,Marquesas,Pacific
44.90973277158973,4.362659754954431,17.368518365606818,11.227572798009591,0.18477147197454058,6.877604790163455,11.106818482025163,2.3507037267872106,1.2112796496108773,0.40033818927817133,Fatu Hiva,Marquesas,Pacific
46.48927787828174,3.887747709891519,15.213370643707075,10.970577443484224,0.19438738549457596,6.680787511997795,12.37940718149668,2.5577287565075784,1.074246077733183,0.552469411405637,Fatu Hiva,Marquesas,Pacific
45.428380087340216,4.512073868720022,15.884550960562077,11.327493766313584,0.17433012674600085,6.952695643164033,11.146873398406052,2.9225933013300143,1.1792920338700057,0.47171681354800227,Fatu Hiva,Marquesas,Pacific
45.91601261228446,4.035667476236661,14.03218053599635,11.92567535917183,0.20590140184880926,10.881889087709569,8.771399718759273,2.573767523110116,1.1324577101684508,0.5250485747144636,Fatu Hiva,Marquesas,Pacific
46.56281938271087,4.09974196634038,15.876250764653124,11.476321591795333,0.21523645323286997,6.446844242070249,10.67982782231669,2.8185726018590116,1.3324161390606237,0.4919690359608457,Fatu Hiva,Marquesas,Pacific
46.43169538304017,3.809252171114161,19.612501043168855,10.873794472066784,0.22649607503922037,6.208051511302267,7.2684649535313435,2.934153699371718,1.9561024662478121,0.6794882251176612,Fatu Hiva,Marquesas,Pacific
46.45200984413454,3.4146841673502877,13.125512715340445,11.812961443806401,0.1743232157506153,11.587366694011488,9.63904840032814,2.5635767022149305,0.7280557834290403,0.5024610336341264,Fatu Hiva,Marquesas,Pacific
42.064206420642066,3.29032903290329,10.35103510351035,13.97139713971397,0.18001800180018,14.211421142114212,13.78137813781378,1.1501150115011498,0.72007200720072,0.28002800280028,Ua Pou,Marquesas,Pacific
43.99439943994399,3.1503150315031503,12.28122812281228,12.64126412641264,0.19001900190019,12.45124512451245,12.21122112211221,1.74017401740174,0.97009700970097,0.37003700370037,Ua Pou,Marquesas,Pacific
44.3303204601479,3.3689400164338537,14.739112571898112,12.684880854560394,0.1848808545603944,8.525061626951521,11.051766639276911,2.8553820870994246,1.6844700082169268,0.5751848808545604,Ua Pou,Marquesas,Pacific
45.12406821198815,2.879607883181865,13.570918002654958,11.712447666700706,0.18380475850097008,10.773001123251303,10.742366996834473,3.1144695190442153,1.398958439701828,0.5003573981415297,Ua Pou,Marquesas,Pacific
44.07002631046347,2.9346286176887273,12.153410240841936,11.981380287391218,0.18214936247723132,12.264723740133576,12.446873102610809,2.9649868447682657,0.5869257235377454,0.4148957700870269,Ua Pou,Marquesas,Pacific
44.92429631135047,2.824916167056193,12.793415303322831,12.000812925515698,0.18290824103241538,12.122751752870641,10.52738542831013,3.4854181485621374,0.6503404125596992,0.4877553094197743,Ua Pou,Marquesas,Pacific
44.51307391393865,4.035412806259007,14.721021206506075,12.260654725138975,0.1955939880584723,7.9884702491249735,10.778258184064239,2.7074325715462217,1.8941733580399425,0.9059089973234506,Ua Pou,Marquesas,Pacific
43.48189041838749,3.464134028266653,12.93543689167779,12.79593240981923,0.23027480534720526,9.931852474105547,12.314696112046194,2.5330228588192574,1.8622223388947903,0.4505376626358364,Ua Pou,Marquesas,Pacific
43.314156852360206,3.3435135070268727,12.697270327289361,13.159560060694767,0.20202498531884427,10.363881746856709,11.818461641152387,2.717236052538455,1.949541108326847,0.4343537184355152,Ua Pou,Marquesas,Pacific
43.42711036007664,3.3297784365428322,12.809147679313421,13.105781941269628,0.25998270075109203,9.949337971051406,11.909207561328868,2.819812369684921,1.9598695902774628,0.4299713897037291,Ua Pou,Marquesas,Pacific
44.96957684051864,3.3994498419144863,15.252131041467962,11.916925757871534,0.22192254160866084,6.153306835512868,10.107563031449008,4.105567019760226,3.117002970776191,0.7565541191204347,Ua Pou,Marquesas,Pacific
47.211627667250795,4.700546335429336,11.802906916812699,12.761570972064737,0.1546232347180703,10.565921039068137,8.504277909493867,2.7626017936295226,0.8452736831254508,0.6906504484073807,Ua Pou,Marquesas,Pacific
46.20583717357912,4.198668714797748,11.018945212493602,12.831541218637996,0.17409114183307736,13.087557603686639,8.929851510496674,2.32462877624168,0.6451612903225808,0.5837173579109064,Ua Pou,Marquesas,Pacific
42.43210307224497,3.7703689547078567,14.18524057549923,14.239558612177875,0.22663419946331378,9.147780414701028,12.227945216497883,2.575388630264929,0.8859336888111355,0.30904663563179147,Ua Pou,Marquesas,Pacific
46.78467846784679,3.5503550355035505,12.581258125812584,11.421142114211422,0.16001600160016002,11.911191119111912,9.250925092509252,2.2002200220022003,1.5101510151015103,0.6300630063006302,Motane,Marquesas,Pacific
46.904690469046905,3.490349034903491,12.511251125112514,11.361136113611362,0.16001600160016002,11.571157115711571,9.090909090909092,2.7302730273027302,1.5701570157015703,0.6100610061006101,Motane,Marquesas,Pacific
46.95469546954696,3.4303430343034305,12.351235123512351,12.191219121912193,0.16001600160016002,12.161216121612162,9.060906090609063,2.470247024702471,0.7200720072007201,0.5000500050005001,Motane,Marquesas,Pacific
46.94758142903485,3.4791145784376303,13.149006568506927,11.855608886288966,0.17395572892188155,11.368518519541785,9.393609361781602,2.2511917860478787,1.0232689936581267,0.3581441477803443,Motane,Marquesas,Pacific
47.45524891123456,3.791501208628113,15.760348267216317,11.371097423176911,0.1946987107133355,6.783712973275163,9.058613698452032,3.176663174796527,1.7932775986754586,0.6148380338315859,Motane,Marquesas,Pacific
45.55,2.86,12.02,12.15,0.18,13.71,10.28,1.34,1.45,0.45999999999999996,Ua Huka,Marquesas,Pacific
50.84491550844916,2.6497350264973503,13.838616138386161,9.939006099390062,0.15998400159984003,8.409159084091591,7.889211078892111,3.27967203279672,2.4897510248975108,0.4999500049995001,Ua Huka,Marquesas,Pacific
45.39,2.84,13.86,12.15,0.17,10.7,10.57,2.66,1.3,0.36,Ua Huka,Marquesas,Pacific
45.07,3.5900000000000003,12.38,12.950000000000001,0.17,11.36,10.35,2.53,1.04,0.56,Ua Huka,Marquesas,Pacific
46.854685468546855,3.4103410341034106,13.381338133813381,12.45124512451245,0.18001800180018,9.480948094809479,9.99099909990999,2.0802080208020803,1.7201720172017199,0.45004500450045004,Ua Huka,Marquesas,Pacific
46.480743691899065,3.595872918582081,14.097456328532024,12.084993359893756,0.17366431709061192,7.917049749719071,10.624169986719787,2.8297068137705583,1.675349882521197,0.5209929512718356,Ua Huka,Marquesas,Pacific
47.28071968922511,2.678388877530158,13.494172970762625,11.909629932529137,0.18401144960130852,10.06951543651605,9.456143937845022,2.8010631772643633,1.656103046411777,0.47025148231445524,Ua Huka,Marquesas,Pacific
43.3975878775384,3.762498711473044,11.50396866302443,13.173899597979588,0.17523966601381302,12.472940933924336,11.081331821461704,3.298629007318833,0.6391093701680238,0.4947943510978249,Ua Huka,Marquesas,Pacific
47.89873417721518,3.837974683544304,15.18987341772152,12.222784810126583,0.17215189873417724,6.410126582278481,9.488607594936708,3.2303797468354425,1.0531645569620254,0.4962025316455696,Ua Huka,Marquesas,Pacific
46.30639174781612,3.2959014462415546,16.551157262647806,11.184668170689534,0.194478656765806,7.1752388627805255,9.990061526496138,2.8148226637156126,1.9959651615437983,0.4913145013030888,Ua Huka,Marquesas,Pacific
46.95530446955305,3.739626037396261,14.048595140485954,11.768823117688232,0.15998400159984003,8.259174082591741,10.738926107389263,2.3897610238976106,1.4798520147985204,0.4599540045995401,Hiva Oa,Marquesas,Pacific
48.81,3.26,13.55,10.69,0.16,9.9,8.22,2.66,2.17,0.58,Hiva Oa,Marquesas,Pacific
48.504511811821956,3.9541721585724416,14.640575889688732,10.939876305383754,0.1520835445604785,6.093480685389839,10.615431410321401,2.8490317347662977,1.7236135050187567,0.5272229544763255,Hiva Oa,Marquesas,Pacific
47.444073286769914,3.552991193440632,12.62273509464521,11.509262071059824,0.1619597125215103,10.264196781050714,9.869419981779533,2.571110436278976,1.5386172689543478,0.46563417349934205,Hiva Oa,Marquesas,Pacific
46.048354327509145,3.9922795611540023,12.687931735067046,12.576188541243399,0.152377082486794,11.20479479886225,9.152783421373426,2.5497765136123522,1.0971149939049167,0.5383990247866721,Hiva Oa,Marquesas,Pacific
48.173701298701296,3.175730519480519,12.44926948051948,11.48538961038961,0.15219155844155843,11.353490259740258,8.54301948051948,2.9626623376623376,1.1769480519480517,0.5275974025974026,Hiva Oa,Marquesas,Pacific
45.92577446068909,3.7521725794908494,12.646968612616297,12.330027604539413,0.18403026275431958,11.225846028013496,9.334423883038545,2.412841222778857,1.6767201717615785,0.5111951743175545,Hiva Oa,Marquesas,Pacific
48.62310740778376,4.156081699014328,14.337973783152119,11.309826237171022,0.14226196524743423,6.218880195102124,10.039630118890358,3.20089421806727,1.3921349456356062,0.5792094299359821,Hiva Oa,Marquesas,Pacific
45.65690876442519,3.6762440517094763,14.306716434569378,11.647601290582235,0.11232967935778956,9.680776002834955,10.57941343769727,2.4508293678063175,1.4807094097163167,0.40847156130105294,Hiva Oa,Marquesas,Pacific
45.038500084789874,4.328643028744107,14.645242247250895,12.097627637717892,0.1545943938837181,9.100456653288205,10.120779652920744,2.6796361606511137,1.3398180803255568,0.49470206042789794,Hiva Oa,Marquesas,Pacific
46.61778742062223,3.8460180677022247,14.199903549963738,11.895822949084547,0.1821798032069475,8.491603049479385,9.969283675491294,2.7326970481042125,1.578891627793545,0.48581280855186,Hiva Oa,Marquesas,Pacific
47.1684654966789,3.3941547348242556,14.121740760344556,12.009109829025729,0.33941547348242557,10.100181665446724,8.28996580687379,2.4684761707812766,1.6970773674121278,0.41141269513021284,Hiva Oa,Marquesas,Pacific
46.36945495546516,3.8692123151244537,14.611367558430501,11.741230664476939,0.1934606157562227,9.286109556298689,9.23519886794179,2.8000878596295387,1.4254992739932197,0.4683783328834865,Hiva Oa,Marquesas,Pacific
47.03033582211969,3.8077077142635196,14.417833804549165,11.84642086383427,0.14407542702618722,8.737145538945212,9.334029450910844,2.4698644633060667,1.6980318185229208,0.5145550965220972,Hiva Oa,Marquesas,Pacific
45.74345783108264,3.8857017770677267,16.132782770757633,11.574854586257187,0.1830958952545002,8.137595344644453,9.35823464634112,2.899018341529587,1.576659098024863,0.5085997090402783,Hiva Oa,Marquesas,Pacific
47.95348064443506,3.9066388582158647,13.090308216011277,11.354069049698644,0.17385565599389977,8.580287963463643,9.97113321141484,2.6589688563772906,1.840824592876586,0.47043295151290526,Hiva Oa,Marquesas,Pacific
45.98408829991114,3.5961784229212888,13.924974972845789,11.862979390505785,0.16346265558733133,10.522908453434454,10.911132260454364,2.2067458504289728,0.6538506223493253,0.17367907156153956,Hiva Oa,Marquesas,Pacific
47.42246867940028,3.3682481002259186,11.747792154446497,12.312589854179503,0.17457383446292873,11.090573012939002,9.724789484493735,2.4337646333949476,1.2630930375847196,0.4621072088724584,Hiva Oa,Marquesas,Pacific
44.51864789890064,3.68848248227679,10.859960957567038,13.243604233021678,0.1849378403369978,13.86006370081167,9.688687968766052,2.6610500359601352,0.7808486592006575,0.5137162231583272,Hiva Oa,Marquesas,Pacific
47.96212433100042,3.6537669822972414,13.791683820502264,12.041992589543021,0.1543845203787567,8.233841086867024,9.2630712227254,3.272951832029642,1.1115685467270482,0.514615067929189,Hiva Oa,Marquesas,Pacific
44.90050049091213,3.7314571184228353,11.635175355521753,13.7254310202017,0.2665326513159168,13.47015014727364,8.57004986538871,2.193768745446392,1.0251255819842953,0.4818090235326188,Hiva Oa,Marquesas,Pacific
44.85215232125282,3.720689908467563,11.702334287454143,13.363990323107364,0.19367974865995533,13.455645696375843,8.715588689697991,2.436287364722596,1.0499481111566,0.5096835491051456,Hiva Oa,Marquesas,Pacific
48.87714553946957,3.373640853968919,13.26084779307907,11.452088309861166,0.1727466755238974,8.769434199173858,8.657657288586256,2.9163701986436577,1.991667570913075,0.5284015707805287,Hiva Oa,Marquesas,Pacific
44.85219177308109,3.72069327839055,11.702344114165127,13.363914412388475,0.19367991658975994,13.455657337495271,8.71559655033454,2.4362896146101303,1.0499490055236818,0.5096839974213759,Hiva Oa,Marquesas,Pacific
44.90005055761539,3.731419899241329,11.635059356935843,13.726294233762607,0.26652997534534256,13.470015753860377,8.569963785041548,2.1937469081551515,1.0251153273907847,0.48180420265163604,Hiva Oa,Marquesas,Pacific
48.287079078720254,3.761309366184684,13.744028026281468,11.385584961719301,0.15248551893939863,7.878418165475409,10.511334842989292,2.775236353808619,1.0470671593595247,0.4574565265220478,Hiva Oa,Marquesas,Pacific
47.594519418976006,3.3584011538065313,11.847120634593592,12.609457092819614,0.17513134851138357,11.744102194292779,8.55053054496755,2.4415370351292887,1.2568249716699291,0.4223756052333368,Hiva Oa,Marquesas,Pacific
49.06731549067315,3.3860502838605027,13.736820762368207,11.313868613138686,0.15206812652068125,8.556366585563666,8.678021086780213,3.223844282238443,1.3483373884833738,0.5373073803730738,Hiva Oa,Marquesas,Pacific
48.76066639577408,3.5757822023567662,14.648516863063799,10.85940674522552,0.1625355546525803,7.29378301503454,8.73628606257619,3.352295814709468,2.1129622104835435,0.49776513612352713,Hiva Oa,Marquesas,Pacific
48.80032533550224,3.2736884912566087,13.826758845058967,11.712078080520536,0.1728344855632371,7.991053273688492,9.912566083773893,2.7246848312322087,1.1996746644977634,0.3863359089060594,Hiva Oa,Marquesas,Pacific
49.511002444987774,3.850855745721271,14.41524042379788,11.919315403422981,0.16299918500407498,6.234718826405867,9.168704156479217,3.0052974735126323,1.2530562347188263,0.4788101059494702,Hiva Oa,Marquesas,Pacific
46.464646464646464,3.686868686868687,13.88888888888889,11.94949494949495,0.1616161616161616,8.93939393939394,10.383838383838382,2.6262626262626263,1.4646464646464645,0.43434343434343436,Hiva Oa,Marquesas,Pacific
47.40898488997059,4.107088530574992,13.335361525200284,11.682385153635535,0.16225534935604907,8.873339417908936,9.532501774667884,2.738059020383328,1.6529763715647499,0.5070479667376534,Hiva Oa,Marquesas,Pacific
49.52926729431027,3.0802292263610314,13.559148587801884,10.959885386819487,0.14326647564469916,9.158821121571838,8.595988538681949,2.8141629144494473,1.7294310274252969,0.42979942693409745,Hiva Oa,Marquesas,Pacific
48.993697906078474,3.7507623500711524,14.433828013823948,11.160805041675138,0.16263468184590366,6.96279731652775,8.721284813986584,3.2526936369180732,1.9719455173815816,0.5895507216914007,Hiva Oa,Marquesas,Pacific
48.423194303153615,2.899287894201424,12.563580874872837,11.353001017293998,0.16276703967446593,10.854526958290945,9.053916581892167,2.5432349949135302,1.7293997965412005,0.41709053916581895,Hiva Oa,Marquesas,Pacific
47.424742474247424,3.8303830383038298,12.751275127512752,12.08120812081208,0.17001700170017,10.061006100610062,9.52095209520952,2.39023902390239,1.34013401340134,0.43004300430042997,Nuku Hiva,Marquesas,Pacific
48.29,3.08,15.71,10.75,0.18,7.35,8.68,3.04,2.27,0.65,Nuku Hiva,Marquesas,Pacific
48.43173431734318,3.218532185321854,13.161131611316115,11.808118081180814,0.1742517425174252,9.327593275932761,9.840098400984012,2.490774907749078,1.1582615826158262,0.38950389503895044,Nuku Hiva,Marquesas,Pacific
47.18338815789473,3.1763980263157894,12.592516447368421,12.3046875,0.20559210526315788,11.410361842105262,8.943256578947366,2.323190789473684,1.469983552631579,0.390625,Nuku Hiva,Marquesas,Pacific
46.21243310004116,3.2935364347468092,16.107451626183614,11.486208316179496,0.20584602717167558,6.4738575545491965,10.148209139563605,3.2214903252367226,2.2128447920955123,0.6381226842321942,Nuku Hiva,Marquesas,Pacific
46.998867497168746,3.273962730361372,14.156285390713478,11.80891588592608,0.17502316483063937,9.214454854318955,9.00854524863585,3.1915988880881296,1.6472768454648412,0.5250694944919181,Nuku Hiva,Marquesas,Pacific
44.515338486135285,3.01331456021338,14.300475878978752,13.093965158320572,0.18386326130115538,10.704927657978383,9.264665444452664,3.1665339446310092,1.225755075341036,0.5311605326477823,Nuku Hiva,Marquesas,Pacific
48.62521476995019,3.0699817799671942,14.21669414884137,11.4238142813492,0.19573709335361308,7.262876358647221,10.301952281769108,3.2966247301661147,1.0817049895857564,0.5253995663702246,Nuku Hiva,Marquesas,Pacific
47.462125765071384,3.6776507265229657,17.203232842957426,10.367479237465274,0.1532354469384569,6.333731806789551,8.734420475492044,3.3609641361834877,2.1759433465260876,0.5312162160533173,Nuku Hiva,Marquesas,Pacific
47.18702483527623,2.747085656360872,9.721236695387734,12.164216928535227,0.1824632539280284,14.901165737455651,9.285352255448556,2.0273694880892044,1.3887480993411052,0.3953370501773949,Fatu Huku,Marquesas,Pacific
46.91056910569106,3.628048780487805,13.638211382113822,11.941056910569106,0.1829268292682927,7.8760162601626025,10.92479674796748,2.8963414634146347,1.2906504065040652,0.7113821138211383,Fatu Huku,Marquesas,Pacific
47.73818033289084,3.4820790360461555,13.64239763096089,12.09026855917492,0.18380475850097006,7.219442458899214,10.640253242111712,2.9919330133769018,1.2253650566731338,0.7862759113652609,Fatu Huku,Marquesas,Pacific
47.76824220524363,3.7480924601777135,12.191268826588681,11.481220621334845,0.16946162718888602,9.96833101111094,10.3870009135776,2.551892738844401,1.2161363833555348,0.518353212577769,Motu Nao,Marquesas,Pacific
47.652222259374426,3.3879322576812623,13.129494149945781,11.360834670695299,0.30159634341376224,9.530444451874887,9.289167377143876,3.005910222690497,1.779418426141197,0.5629798410390229,Motu Nao,Marquesas,Pacific
47.964100709175696,3.2225248791548116,11.415213521770964,11.365412884939436,0.1616313419011818,11.415213521770964,10.506037223576817,2.3436544575671356,1.2021331053900397,0.4040783547529545,Tahuata,Marquesas,Pacific
44.97749388876909,3.722344180277539,13.711798669440586,12.37022990075851,0.17963055025468017,7.534503635682419,10.887607240436449,3.193432004527648,2.7742940539333936,0.6486658759196785,Tahuata,Marquesas,Pacific
47.17272633638892,3.7078998867030597,13.853125965598931,11.813781027912249,0.16479555052013597,6.5609228550829135,11.40179215161191,2.801524358842312,1.9672468843341233,0.5561849830054589,Tahuata,Marquesas,Pacific
48.4903934126258,4.218765883907696,14.94358035986581,11.294093727762528,0.16265121480126055,6.190911863372979,10.114872420453388,3.141201585849344,0.9250787841821694,0.518450747179018,Tahuata,Marquesas,Pacific
47.61904761904761,3.253284072249589,13.516009852216747,11.689244663382594,0.1744663382594417,8.58990147783251,10.22167487684729,3.448275862068965,0.9954844006568143,0.49261083743842354,Tahuata,Marquesas,Pacific
48.52492370295016,3.4994913530010177,14.852492370295018,11.261444557477112,0.16276703967446596,6.510681586978638,10.101729399796543,3.0417090539165828,1.5768056968463888,0.46795523906408965,Tahuata,Marquesas,Pacific
47.8896103896104,3.500405844155844,12.885551948051946,11.688311688311687,0.17248376623376624,9.334415584415584,9.943181818181818,2.739448051948052,1.3189935064935066,0.5275974025974026,Tahuata,Marquesas,Pacific
45.51563742566353,4.743999288544176,11.968050265893442,14.772663540731306,0.05145335453952468,9.436545222548826,9.385091868009301,3.0048759051082414,0.9776137362509689,0.14406939271066913,Tahuata,Marquesas,Pacific
45.96331567106472,4.494738170110816,11.359988936786927,14.086876803269972,0.05130979646245224,6.136651656909288,10.395364763292825,5.96219834893695,1.3237927487312677,0.22576310443478986,Tahuata,Marquesas,Pacific
47.01026776726393,3.362190457016307,11.979061807932352,11.596537145158042,0.1711294543990336,11.07308234346688,10.771089188645053,2.315280853633984,1.2885041272397824,0.4328568552446144,Tahuata,Marquesas,Pacific
47.04929648749873,3.0671120558761005,12.14697843911327,11.185342646016803,0.17208219455410467,11.448527178864257,10.952525559267132,2.500253062050815,1.0527381313898168,0.42514424536896445,Hatutu,Marquesas,Pacific
48.232168403842216,3.3926016758634776,14.408338442673205,11.679950950337215,0.16349887594522786,7.510729613733905,10.62742693643981,2.75904353157572,0.827713059472716,0.3985285101164929,Eiao,Marquesas,Pacific
48.48484848484848,3.5747303543913707,14.894709809964043,11.83359013867488,0.17462763225475086,6.163328197226501,10.47765793528505,2.9789419619928084,0.9553158705701077,0.46224961479198756,Eiao,Marquesas,Pacific
48.23481116584565,3.9203612479474548,14.983579638752055,12.746305418719212,0.17446633825944174,6.003694581280787,8.877257799671593,3.3148604269293926,1.159688013136289,0.5849753694581281,Eiao,Marquesas,Pacific
48.036715961244255,3.182049974502804,14.17644059153493,12.157062723100458,0.17338092809790923,8.924018357980621,9.433962264150942,2.7944926058133603,0.7139214686384496,0.40795512493625696,Eiao,Marquesas,Pacific
47.80348588319232,3.5878096014677388,14.524513301396388,12.149627968606662,0.1732748955254306,7.797370298644377,9.64223830394455,2.9456732239323205,0.9173376821934561,0.45866884109672806,Eiao,Marquesas,Pacific
48.027794808910684,3.8422235847128547,15.430206417330877,12.272634375638665,0.1737175556918046,6.110770488452891,9.298998569384834,3.2495401594114037,1.0729613733905579,0.5211526670754139,Eiao,Marquesas,Pacific
47.643548055155385,3.4266309940316946,14.09755093640667,12.554023461617616,0.17493311380942583,8.43795019551348,9.62132125951842,2.7371887219592512,0.874665569047129,0.43218769294093434,Eiao,Marquesas,Pacific
46.873400880155565,3.622965919557876,14.532801146249104,12.61897451642616,0.17398423907481325,8.463821512639443,9.46678947907072,2.9065602292498207,0.9108586633916693,0.4298434141848327,Eiao,Marquesas,Pacific
46.92230070635721,3.5317860746720484,14.833501513622602,12.482341069626637,0.1715438950554995,8.102926337033297,9.687184661957618,2.916246215943491,0.9081735620585267,0.4439959636730575,Eiao,Marquesas,Pacific
48.47995152004847,3.231996768003232,15.856984143015856,11.726088273911724,0.17169982830017172,6.716493283506717,7.8779921220078775,3.7874962125037874,1.5149984850015148,0.6362993637006362,Eiao,Marquesas,Pacific
49.989756197500505,2.919483712354026,15.160827699241958,10.694529809465273,0.17414464249129277,7.068223724646589,7.785289899610735,3.7594755173120262,1.710715017414464,0.7375537799631222,Eiao,Marquesas,Pacific
49.63742212235727,3.074251863956695,15.677663160044938,10.519865182310285,0.16341538147278115,6.179144111939537,8.518026759268716,3.8300480032683075,1.6852211214380555,0.7149422939434175,Eiao,Marquesas,Pacific
47.80016447368421,3.0633223684210527,12.798108552631579,12.027138157894736,0.1747532894736842,10.69078947368421,9.046052631578947,2.775493421052632,1.1307565789473684,0.4934210526315789,Eiao,Marquesas,Pacific
47.56817256817257,3.0525030525030528,12.820512820512823,11.904761904761905,0.172975172975173,11.345136345136348,8.954008954008955,2.5946275946275947,1.1192511192511194,0.4680504680504681,Eiao,Marquesas,Pacific
47.57033248081842,3.6317135549872126,14.373401534526856,12.33759590792839,0.1739130434782609,7.508951406649618,9.820971867007673,2.9156010230179032,1.156010230179028,0.5115089514066496,Eiao,Marquesas,Pacific
47.998370174187635,3.6874809004787616,15.024956707751858,12.223693592747274,0.18335540389120913,6.641540185392686,9.381684832433535,3.2902108587144747,0.9880818987470714,0.5806254456554955,Eiao,Marquesas,Pacific
44.21395159650193,2.471018913971934,11.124669513931257,13.290624364449869,0.1728696359568843,13.249949155989423,12.538133007931664,1.8202155786048404,0.7829977628635347,0.33557046979865773,Maui,Hawaii,Pacific
43.77951139396428,2.5148840073906795,11.29131595154999,13.570108807226442,0.17450215561486349,13.138985834530898,12.461506877437898,1.9092588790802711,0.8006569492917266,0.3592691439129542,Maui,Hawaii,Pacific
42.64661042788901,4.004471999186909,14.259579225531047,14.523833722939319,0.21343632482975905,7.012907815834941,11.474743368228475,3.8215265779042578,1.4533997357455024,0.5894908019107631,Maui,Hawaii,Pacific
42.845561410620185,3.2428050263477908,12.555735711390353,14.481151195784351,0.19254154843940008,10.751925415484392,12.099716254560192,2.563842723956222,0.8917713822456425,0.3749493311714633,Maui,Hawaii,Pacific
43.88047482603358,3.366762177650431,12.94514940646746,13.917314776913633,0.19443307408923458,9.557920589439215,12.228817028243963,2.6913630781825626,0.8391322144903808,0.3786328284895621,Maui,Hawaii,Pacific
44.35573521980798,3.415866599292571,13.036887316826679,13.79484588175846,0.19201616978271852,8.863062152602321,12.107124810510356,2.9004547751389587,0.9398686205154118,0.3941384537645275,Maui,Hawaii,Pacific
43.493670886075954,3.422784810126582,13.215189873417721,13.853164556962025,0.19240506329113924,9.610126582278482,12.121518987341773,2.764556962025316,0.9417721518987343,0.3848101265822785,Maui,Hawaii,Pacific
44.958409413674175,2.282410225197809,12.791641306553053,12.822073442889026,0.19273686346114832,11.645364171231488,9.971596672753094,3.6721444512071417,1.1158449989855954,0.5477784540474742,Maui,Hawaii,Pacific
44.13667610190053,3.002426202992317,13.273352203801053,13.495754144763444,0.21229276182773957,9.856449656287909,12.25232511120097,2.5272947836635664,0.8693894055802669,0.3740396279822078,Maui,Hawaii,Pacific
44.337030629897214,2.9612292663071127,13.401852040297138,13.635901088836878,0.21369695736236896,9.840236084257656,12.44530375496082,2.0250330721481626,0.7632034191513177,0.37651368678131675,Maui,Hawaii,Pacific
44.45009665276224,3.0725404415505144,14.589480109878933,14.04008546138977,0.1831315494963883,8.485095126665989,10.977718994811275,2.9301047919422127,0.8749618475938551,0.39678502390884124,Maui,Hawaii,Pacific
44.60198501114037,3.159813652015394,14.46222402268584,14.0166092768888,0.202552157180474,8.335021267976504,11.180879076362164,2.774964553372494,0.870974275876038,0.39497670650192424,Maui,Hawaii,Pacific
44.51429730277834,3.275197728655445,14.753599675522205,14.094504157371729,0.22307848306631514,8.51754208071385,11.508821740012166,1.9265868992090853,0.7706347596836342,0.4157371729872236,Maui,Hawaii,Pacific
47.151834583417795,3.081289276302453,14.281370362862353,12.335292925197647,0.17230893979322928,8.96006486924792,10.31826474761808,2.8380295965943643,0.5169268193796878,0.34461787958645856,Maui,Hawaii,Pacific
42.69,3.12,11.05,13.68,0.19,12.770000000000001,11.61,3.2,1.23,0.45999999999999996,Maui,Hawaii,Pacific
45.95919183836768,2.3004600920184037,13.352670534106823,12.292458491698339,0.20004000800160038,10.082016403280656,9.711942388477697,4.020804160832166,1.5103020604120827,0.5701140228045609,Maui,Hawaii,Pacific
45.00549945005499,2.42975702429757,12.278772122787721,13.548645135486451,0.1999800019998,11.638836116388362,10.93890610938906,2.8997100289971,0.7499250074992501,0.30996900309969,Maui,Hawaii,Pacific
44.765523447655234,2.1797820217978203,11.488851114888512,12.58874112588741,0.18998100189981,14.558544145585442,10.798920107989202,2.4197580241975802,0.7199280071992801,0.28997100289971,Maui,Hawaii,Pacific
42.29,2.76,11.44,13.41,0.21,12.44,11.57,3.88,1.2,0.8,Maui,Hawaii,Pacific
44.974666424433266,2.255798461817961,12.646601667373178,12.374089101515976,0.19984254829528247,11.576737519933788,9.921476008801145,4.188619067805163,1.3827489452754396,0.4794202547487837,Maui,Hawaii,Pacific
43.62780223154878,2.9481011362473133,12.06878902651244,13.512130207800185,0.2252021701300031,11.997133790561984,11.618384686252432,2.8047906643464025,0.8393899068481934,0.35827617975227766,Maui,Hawaii,Pacific
44.36023263912602,3.095389702940705,13.744178291406131,14.22826503355786,0.1989334244799406,9.015960298694681,11.554801156087859,2.404295089025728,1.0112782944825363,0.3866660701985482,Maui,Hawaii,Pacific
43.66180105056883,3.2191977835938967,13.339419949505926,14.013944965946354,0.19721264965424315,9.875045628448,11.517312616580027,2.78964012267939,1.014583419833466,0.3718418131898559,Maui,Hawaii,Pacific
45.26040748688441,3.1059274407702135,15.142428674254935,12.928282190319631,0.20807309146344374,7.17892659999948,10.555354031428879,3.754143051109784,1.3531295400382728,0.5133278937309366,Maui,Hawaii,Pacific
44.790658377200835,2.037352937542681,11.62569457887038,13.158206571001582,0.18782258884783706,14.395938642159626,10.54032858170697,2.421698951339326,0.6019783356423343,0.2403204356884423,Maui,Hawaii,Pacific
44.956084309926084,2.0963888940645377,11.81586464794134,13.130642327939768,0.1913434320163929,13.792876676355496,10.712449497577044,2.4335027512496095,0.6241391982328878,0.2467082646968489,Maui,Hawaii,Pacific
42.99421925543241,3.4079732655677417,14.065830754666909,14.724444353984929,0.2120438963125579,8.665320753041348,11.365035287910317,3.0345976256568057,1.0640551123146686,0.466479695112319,Maui,Hawaii,Pacific
43.0246075698867,3.2979287217364197,13.57012724421513,14.550948944188796,0.208825433374289,9.413883025394354,11.55119259820674,2.9388888044485784,1.0067624347384314,0.43683522381055206,Maui,Hawaii,Pacific
44.03606478578009,3.1621304012388904,14.307481605298717,14.045756708784788,0.2079572555978201,8.482453144907279,10.805940423030451,3.272580305000979,1.1888803997864203,0.4907549705745834,Maui,Hawaii,Pacific
45.715956583344514,3.1103084135860923,15.395304476992012,12.59924127042778,0.22035295890367404,7.291340994156238,9.82956661016758,3.7942056718818242,1.4408611545754975,0.6028618659647862,Maui,Hawaii,Pacific
46.942317508933115,3.5119959162838175,14.395099540581926,12.82286881061766,0.20418580908626846,8.381827462991321,10.076569678407347,2.879019908116385,0.4389994895354772,0.3471158754466564,Maui,Hawaii,Pacific
44.57337201160348,3.0809242772831853,14.92447734320296,14.184255276582974,0.12003601080324097,7.232169650895269,10.193057917375212,3.8011403421026304,1.3704111233370013,0.5201560468140443,Maui,Hawaii,Pacific
42.57,3.61,12.55,14.99,0.19,8.36,12.53,3.37,1.32,0.51,Maui,Hawaii,Pacific
42.86140979689366,3.594185583432895,12.71405814416567,14.635603345280762,0.1991238550378335,8.26363998407009,12.455197132616485,3.414974113898845,1.3639984070091598,0.49780963759458374,Maui,Hawaii,Pacific
43.29,2.819,11.74,13.99,0.189,12.37,11.95,2.49,0.8100000000000002,0.352,Maui,Hawaii,Pacific
43.10827566897324,3.2458701651933923,12.399504019839206,14.159433622655094,0.1939922403103876,11.349546018159273,12.079516819327226,2.2299108035678574,0.8399664013439463,0.39398424063037474,Maui,Hawaii,Pacific
43.999120017599644,3.173936521269574,16.13967720645587,11.939761204775904,0.1979960400791984,7.5198496030079385,10.529789404211915,4.399912001759965,1.479970400591988,0.6199876002479949,Maui,Hawaii,Pacific
43.11140470277804,3.1272521546056606,12.762844020582193,14.609770713527256,0.17260807346849427,9.513750872939948,11.950570733671631,3.0054111615690764,1.289483842970516,0.45690372388719075,Maui,Hawaii,Pacific
44.841829538585536,3.01229095305259,14.245416078984489,13.983477735240784,0.20149103364900264,8.956276445698167,10.68909933507959,2.901470884545638,0.8160386862784608,0.3526093088857546,Maui,Hawaii,Pacific
47.40474047404741,3.2903290329032906,14.03140314031403,12.001200120012003,0.19001900190019003,8.880888088808883,10.261026102610261,2.740274027402741,0.7200720072007201,0.4800480048004801,Maui,Hawaii,Pacific
43.760892762115276,2.5651884103403235,10.39308478951377,13.221304769241046,0.17304842450708532,14.871985188520684,12.764866137169703,1.4251046724112906,0.5293245926099079,0.29520025357091023,Maui,Hawaii,Pacific
43.26275546567139,4.118358422332859,14.42425049375319,11.54525806013723,0.12994820264642515,11.675346207001889,11.21552948994531,2.489007881458451,0.8296692938194836,0.30987648323378303,Maui,Hawaii,Pacific
44.412778714373104,2.17680059049344,13.786403739791787,12.051209475758089,0.2015556102308741,11.831314320552307,10.299491682797667,3.476834276482578,1.3605003690584,0.4031112204617482,Maui,Hawaii,Pacific
44.28323192989624,2.062258642805254,12.484209637664977,12.992804870133433,0.20119596515173213,13.480129665166052,11.015479092057332,2.404291783563199,0.6237074919703695,0.45269092159139723,Maui,Hawaii,Pacific
42.803314572740206,2.9387650729461883,12.50988008791819,13.729129433922193,0.1610282231751336,12.248209225258599,11.875831459166102,2.3651020278847747,0.8152053798241139,0.5535345171645217,Maui,Hawaii,Pacific
46.129493464052295,3.165849673202615,15.594362745098042,12.234477124183009,0.18382352941176472,7.720588235294118,11.254084967320264,2.430555555555556,0.8986928104575165,0.38807189542483667,Maui,Hawaii,Pacific
44.8321464903357,3.2451678535096637,14.821973550356052,13.886063072227872,0.18311291963377413,7.741607324516784,10.437436419125126,3.4587995930824005,0.9766022380467954,0.41709053916581884,Maui,Hawaii,Pacific
44.410475899317234,3.108121879139917,14.52155304188322,14.093549373280345,0.19362070722510957,8.498929990828493,10.771425659838991,3.077550188525426,0.9273412819728932,0.3974319779883828,Maui,Hawaii,Pacific
44.308943089430905,3.0995934959349594,14.491869918699187,14.065040650406505,0.19308943089430897,8.485772357723578,10.772357723577237,3.2520325203252036,0.9349593495934961,0.39634146341463417,Maui,Hawaii,Pacific
44.96289519162347,3.0903730812239507,14.282809799735693,13.957507370133174,0.18298261665141813,8.417200365965233,10.684151672257803,3.1818643895496592,0.8844159804818542,0.35579953237775747,Maui,Hawaii,Pacific
44.80185539981849,2.9041040637289504,13.744075829383887,13.834829081375416,0.1915901986487849,9.488756680447716,11.273570636281132,2.7125138650801652,0.736109710597963,0.31259453463749115,Maui,Hawaii,Pacific
43.837992246480304,3.1524178739032847,11.813915527443378,13.6094674556213,0.18363599265456026,11.497653540093857,12.54845949806162,2.152621913895123,0.7651499693940012,0.43868598245256063,Maui,Hawaii,Pacific
43.818086850801464,1.8811311200530727,16.56213268742379,13.713333406261244,0.19424723522287166,7.4018420158610025,11.01075117552804,3.261308844005055,1.5846484978707949,0.5725181669726744,Maui,Hawaii,Pacific
42.64000000000001,3.6100000000000008,12.510000000000002,14.990000000000004,0.19000000000000003,8.300000000000002,12.570000000000004,3.3900000000000006,1.3000000000000003,0.5000000000000001,Maui,Hawaii,Pacific
42.651933701657455,2.913108990457056,12.024108488196886,15.248618784530384,0.19085886489201404,11.943746860873931,11.069814163736815,2.692114515318935,0.934203917629332,0.3314917127071823,Maui,Hawaii,Pacific
42.36393176279448,3.5641754670999193,15.261982128350935,15.475223395613325,0.19293257514216086,7.361900893582455,11.992282696994314,2.55889520714866,0.8021933387489848,0.4264825345247766,Maui,Hawaii,Pacific
44.02246043899948,3.3996937212863703,15.007656967840735,14.180704441041348,0.18376722817764166,7.085247575293517,11.648800408371617,2.9606942317508933,1.0719754977029097,0.43899948953547724,Maui,Hawaii,Pacific
44.16818273701234,3.395997574287447,15.332524762482313,13.927632908833637,0.19203557711744493,7.580351728320195,10.95613503133212,2.749140893470791,1.2027491408934707,0.49524964625025264,Maui,Hawaii,Pacific
42.82674772036475,3.383991894630193,14.761904761904765,14.204660587639312,0.19250253292806488,7.8824721377912885,11.286727456940225,3.829787234042553,1.1347517730496457,0.4964539007092199,Maui,Hawaii,Pacific
43.19724445344949,3.535609360753723,14.689494478776213,14.152568128862322,0.20261371694863742,8.104548677945496,11.255191976496807,3.332995643805085,1.033329956438051,0.49640360652416166,Maui,Hawaii,Pacific
43.828045035823955,3.1627430910951895,14.97441146366428,13.377686796315253,0.19447287615148415,8.515864892528148,11.760491299897648,2.599795291709315,1.0849539406345958,0.5015353121801434,Maui,Hawaii,Pacific
43.760787897248456,3.188140928012997,14.072494669509595,13.960808203878566,0.19291298608995838,8.843537414965988,12.234744644126309,2.39618235353843,0.9848715605645243,0.36551934206518427,Maui,Hawaii,Pacific
44.61817814990417,2.9456269545041867,13.97155250680924,13.184706950469083,0.19166750731362858,9.240391405225463,11.469787148189246,2.9052759003328963,1.0592151719963685,0.4135983052557248,Maui,Hawaii,Pacific
43.301265822784806,3.30126582278481,13.549367088607594,14.126582278481012,0.19240506329113924,9.640506329113924,11.959493670886076,2.60253164556962,0.9113924050632912,0.4151898734177215,Maui,Hawaii,Pacific
43.57042395017078,3.1846493871810324,13.692987743620655,14.30580671087,0.20092425155716293,9.965842877235282,11.432589913602571,2.2101667671287926,1.0046212577858147,0.43198714084790024,Maui,Hawaii,Pacific
43.61584198327119,2.8821928852161642,12.939635190970472,13.826463771036984,0.19147435251436057,10.793106923309484,11.800866673385066,2.6604857401995363,0.9069837750680237,0.38294870502872114,Maui,Hawaii,Pacific
43.495521172638426,3.0028501628664497,12.632328990228011,13.813110749185666,0.1832247557003257,11.62459283387622,11.573697068403908,2.4429967426710095,0.8855863192182409,0.34609120521172637,Maui,Hawaii,Pacific
43.8873067534581,2.8275020341741253,12.459316517493898,13.679820992676973,0.193246541903987,12.144019528071603,11.157445077298618,2.430838079739626,0.8645240032546787,0.35598047192839705,Maui,Hawaii,Pacific
43.14459049544995,2.780586450960566,11.961577350859454,14.216380182002023,0.19211324570273003,12.912032355915064,11.445904954499495,2.2143579373104143,0.7684529828109201,0.36400404448938317,Maui,Hawaii,Pacific
43.17974683544304,2.562025316455696,11.270886075949369,13.235443037974685,0.18227848101265823,13.782278481012659,11.625316455696202,3.118987341772152,0.7291139240506329,0.3139240506329114,Maui,Hawaii,Pacific
43.44279012849275,3.671221700999388,13.094024066897816,13.644707322047726,0.20395676116663264,8.31123801754028,12.726901896797877,3.1103406077911475,1.274729757291454,0.5200897409749132,Maui,Hawaii,Pacific
43.42318605593839,3.658289420348601,13.173895419537898,13.599513579246047,0.19254154843940008,8.147547628698822,12.667207134171058,3.3036076205918112,1.2971220105391164,0.5370895824888529,Maui,Hawaii,Pacific
43.42476805163373,3.701089148850343,13.19080274304155,13.664784187172248,0.19160951996772893,8.410649455425576,12.515127067365874,3.0859217426381607,1.2908430818878582,0.5244050020169424,Maui,Hawaii,Pacific
43.26312607074474,3.678323087775875,13.131109543484834,13.534213443515068,0.1914743525143606,8.344250730625818,12.687695253451578,3.335684772750177,1.3100876750982566,0.5240350700393027,Maui,Hawaii,Pacific
46.08845258577067,3.279020342070641,14.613905475154334,12.579698411091995,0.19228822993624128,8.258273454103836,11.031272138447527,2.6211921870256045,0.9108389839085114,0.4250581924906386,Hawaii,Hawaii,Pacific
44.515669515669515,4.05982905982906,14.652014652014653,14.03133903133903,0.19332519332519332,8.414733414733414,10.012210012210012,2.7676027676027677,0.8547008547008547,0.49857549857549854,Hawaii,Hawaii,Pacific
46.1561928004881,3.3150294895261334,14.622737441529388,12.548301810046775,0.19320724018710597,8.175716900549114,11.114500711816147,2.5828757372381532,0.8643481797844214,0.42708968883465526,Hawaii,Hawaii,Pacific
47.67253592390204,3.3090467516697024,13.924306820481682,12.133171422788909,0.18214936247723132,7.883019631653511,11.050394656952033,2.5602104837077513,0.8399109492005665,0.44525399716656544,Hawaii,Hawaii,Pacific
46.60991182730314,3.273538056146752,13.83399209486166,12.891456369717238,0.2026958548697679,8.432147562582346,10.98611533394142,2.513428600385122,0.8310530049660484,0.4256612952265126,Hawaii,Hawaii,Pacific
46.09756097560976,3.5162601626016263,15.050813008130085,12.90650406504065,0.1829268292682927,7.571138211382114,10.721544715447157,2.5304878048780495,0.9552845528455286,0.46747967479674807,Hawaii,Hawaii,Pacific
46.98613622664256,2.652200120554551,15.561583283102271,12.216194494675507,0.18083182640144663,7.172995780590717,10.749447458308216,3.1846493871810324,0.9744826200522403,0.3214788024914607,Hawaii,Hawaii,Pacific
47.17437292233303,2.588898962425708,15.573687921829354,12.10839125617004,0.17125012591921027,7.303314193613378,10.73839024881636,3.072428729727007,0.9771330714213761,0.2921325677445351,Hawaii,Hawaii,Pacific
47.091913611250625,2.692114515318935,15.580110497237568,12.516323455549974,0.16072325464590656,7.373179306880963,10.77850326469111,2.5313912606730287,0.9241587142139627,0.3515821195379206,Hawaii,Hawaii,Pacific
47.85288471253915,2.657370920480954,15.641103364655956,11.983429322016773,0.16166515105587553,7.042538142871576,10.811356976861674,2.5058098413660703,1.00030312215823,0.3435384459937355,Hawaii,Hawaii,Pacific
47.28720756595322,2.598307615729219,15.729218516674964,12.553509208561476,0.16923842707814837,7.247386759581882,9.726231956197113,3.3051269288203087,1.085116973618716,0.2986560477849677,Hawaii,Hawaii,Pacific
47.24242209703357,1.9914435690228878,13.69433515722189,12.541340912079132,0.1840745198385808,10.629797821447715,10.06341468348285,2.6296359976940114,0.7888907993082034,0.23464444287115793,Hawaii,Hawaii,Pacific
46.96257365168655,2.1823482313330183,14.073374530374263,12.738918885626886,0.18785029460674618,9.628610729023384,10.234248290870271,2.833151984232893,0.8827937342174956,0.27612966802849576,Hawaii,Hawaii,Pacific
47.46441686140027,2.356023590583999,14.48615621174876,12.746198901399048,0.17905374647203423,8.426653718147147,10.308235460734625,2.8426046756294703,0.8902107169231082,0.30044611696154894,Hawaii,Hawaii,Pacific
48.00365742151783,2.258457787259981,14.436655491212028,12.343797622676012,0.17677537336177992,8.848928172305191,10.03759016559992,2.7430661383724475,0.8635578583765112,0.2875139693182972,Hawaii,Hawaii,Pacific
46.344567135996044,2.6281761832437085,16.501785640983535,13.289684331513483,0.19908870736012477,7.009153975616764,10.785682032757274,2.339805426706621,0.5541644431673576,0.3478921226550634,Hawaii,Hawaii,Pacific
47.27272727272727,3.121212121212121,14.949494949494952,12.000000000000002,0.15151515151515152,8.434343434343434,10.404040404040405,2.8989898989898992,0.4242424242424242,0.3434343434343435,Hawaii,Hawaii,Pacific
50.64659527177208,2.2731865023237017,12.770256617498484,11.638714891897353,0.16164881794301877,12.002424732269146,5.4859567589411995,3.384522125681956,1.4346332592442916,0.2020610224287735,Hawaii,Hawaii,Pacific
44.43879108578406,4.0602421898850105,14.643329602116617,14.114175231505035,0.1933448661850005,8.324005291543706,9.99287676808792,2.9001729927750075,0.8446117838607915,0.48845018825684333,Hawaii,Hawaii,Pacific
47.241379310344826,3.2150101419878294,13.387423935091276,12.596348884381337,0.19269776876267747,8.671399594320487,10.060851926977685,3.2150101419878294,0.9330628803245435,0.4868154158215009,Hawaii,Hawaii,Pacific
46.472564389697645,3.3391021072991953,13.336048050493737,12.725236689402422,0.18324340832739486,9.304693067291051,11.03532525704978,2.4941463911228747,0.7126132546065357,0.39702738470935556,Hawaii,Hawaii,Pacific
46.848225214198294,3.345573235414117,14.606283149734804,12.382700938392494,0.17339861281109756,8.088535291717665,10.383516931864547,2.8559771521827826,0.897592819257446,0.4181966544267646,Hawaii,Hawaii,Pacific
47.10599211578056,2.265958934156005,10.930506752867071,13.164860051880678,0.15971516716518097,10.501272241110648,9.712678603232568,4.681650837529367,0.9283444091476144,0.5490208871303096,Hawaii,Hawaii,Pacific
46.54415242401667,2.1102139251265046,13.716390513322278,11.510368894459324,0.07963071415571715,11.018900071297361,10.491346590015734,3.5734282977378067,0.6370457132457372,0.3185228566228686,Hawaii,Hawaii,Pacific
46.01202404809619,2.324649298597194,14.318637274549095,13.787575150300599,0.18036072144288576,8.7875751503006,10.470941883767534,2.885771543086172,0.94188376753507,0.29058116232464926,Hawaii,Hawaii,Pacific
45.72718154463391,2.3871614844533604,14.122367101303912,14.082246740220663,0.18054162487462388,9.49849548645938,9.739217652958878,2.9789368104312945,0.9729187562688065,0.3109327983951856,Hawaii,Hawaii,Pacific
48.24721377912868,3.2117527862208712,13.515704154002028,12.360688956433638,0.19250253292806488,7.872340425531915,9.858156028368796,3.171225937183384,1.0638297872340428,0.5065856129685918,Hawaii,Hawaii,Pacific
46.68645047175861,2.264678644906084,15.221446290320095,12.579396025837697,0.18037263543499785,8.758093520566007,10.040743372548214,3.0162312925519084,0.9619873889866551,0.29060035708971876,Hawaii,Hawaii,Pacific
46.63101770627747,2.2849499327382894,14.341067341002162,12.68083875461089,0.18039078416354917,9.560711560668105,10.342404958710153,2.856187415922862,0.8418236594298961,0.2806078864766321,Hawaii,Hawaii,Pacific
43.29524954900781,4.9208258167969525,13.52976548406494,15.233513730206452,0.18039687312086586,8.258167969532971,8.77931449188214,3.878532772098617,1.2527560633393464,0.6714772499498897,Hawaii,Hawaii,Pacific
45.90899816364008,2.5709038971638445,12.54845949806162,11.47724954091002,0.1734339930626403,9.487859620485617,14.588859416445624,2.285247908590084,0.652927973882881,0.30605998775760046,Hawaii,Hawaii,Pacific
43.89571073455667,2.287192185285112,16.551511305121277,11.422356217194874,0.17358154977610224,14.13158028765444,8.525917297826197,2.2769815058865177,0.5513766875240894,0.18379222917469648,Hawaii,Hawaii,Pacific
48.91180780716519,2.0715115970962232,11.363146139411322,12.121651228039337,0.17094998616813495,12.891640133385234,8.41677284839582,2.6547527263757424,1.2368734293341528,0.16089410462883286,Hawaii,Hawaii,Pacific
49.317173556582645,2.6314684695415957,12.090530806001928,12.50113336026169,0.1727218686571704,14.68135883585948,3.4442772632223977,3.3121958342492674,1.645937807203624,0.20320219842020043,Hawaii,Hawaii,Pacific
49.194911196893614,2.5965645373918678,12.093998672236737,12.67553725017504,0.16977537359869904,14.061395648645192,4.3242786334256875,3.2257320983752815,1.4580708556123565,0.1997357336455283,Hawaii,Hawaii,Pacific
46.83910915809447,2.4568061520023967,14.461200439428742,13.722161190452411,0.1797663038050534,7.650054928592828,10.386497553180863,2.97613102966144,1.0186757215619693,0.3095975232198142,Hawaii,Hawaii,Pacific
40.66356463686021,6.109650010115315,13.352215253894395,16.386809629779485,0.20230629172567266,8.284442646166296,9.043091240137569,3.853934857374065,1.294760267044305,0.8092251669026906,Hawaii,Hawaii,Pacific
46.84959349593496,3.0386178861788617,12.90650406504065,12.439024390243903,0.18292682926829268,9.949186991869917,11.178861788617885,2.2967479674796745,0.7621951219512195,0.39634146341463417,Hawaii,Hawaii,Pacific
47.249647390691116,3.254080193431392,13.600644771307676,12.512593189603061,0.19141648196655248,8.029417690912753,11.283497884344145,2.609308885754584,0.8462623413258109,0.42313117066290545,Hawaii,Hawaii,Pacific
47.116736990154706,3.8376532047418115,13.261000602772754,13.471971066907775,0.20092425155716293,7.53465943339361,9.965842877235282,2.9937713482017276,1.0648985332529635,0.5525416917821981,Hawaii,Hawaii,Pacific
47.042196648495874,3.573591762568141,13.022410660205939,13.264688067837676,0.19180294770845954,8.308096103371696,10.094891984655765,2.967898243488795,1.0094891984655765,0.5249343832020998,Hawaii,Hawaii,Pacific
47.211155378486055,3.2071713147410366,12.649402390438247,12.370517928286853,0.17928286852589642,9.48207171314741,10.956175298804782,2.6494023904382473,0.8565737051792829,0.4382470119521913,Hawaii,Hawaii,Pacific
46.817042606516296,3.8395989974937343,13.734335839598996,13.082706766917292,0.19047619047619047,7.268170426065162,9.664160401002507,3.538847117794486,1.2230576441102756,0.6416040100250627,Hawaii,Hawaii,Pacific
46.68426932060527,3.3106529907586073,14.034731390271151,12.79577536305474,0.20310754544531337,8.621915304153552,10.510815476794965,2.782573372600793,0.5585457499746118,0.49761348634101765,Hawaii,Hawaii,Pacific
46.08071204612118,3.2365732780418743,13.11823606756347,12.744007282289878,0.19217153838373627,9.770405583088907,10.86274906442804,2.8825730757560444,0.7282289875594216,0.38434307676747254,Hawaii,Hawaii,Pacific
46.234373411932125,3.2421994105091985,13.24321577396077,12.806179489785553,0.19310905579835355,9.797743673137518,10.915743469864827,2.4799268218314876,0.7012907815834944,0.3862181115967071,Hawaii,Hawaii,Pacific
46.82666795607337,2.3594054394676762,14.507833446939541,12.681918693402633,0.19076043978674828,9.367341595844008,9.899462822617568,2.8513665736545533,0.9738822452270833,0.34136078698681277,Hawaii,Hawaii,Pacific
45.95588418901439,1.7978828850299045,15.381886905255849,9.23687902074034,0.07990590600132909,13.23441568147013,10.72736788067843,2.297294797538211,0.6692119627611312,0.6192707715103004,Hawaii,Hawaii,Pacific
40.84704937775994,2.4688879967884385,13.348052990766762,13.348052990766762,0.21075873143315935,9.564431955038136,12.745885186672018,5.248896025692494,1.746286631874749,0.4716981132075472,Hawaii,Hawaii,Pacific
46.19701372883054,4.419280489026956,14.229882753782942,13.5284096602866,0.17035775127768313,7.215151818819519,11.023148612085377,2.4250926946587827,0.4810101212546346,0.3106523699769515,Hawaii,Hawaii,Pacific
47.60912460679682,3.541420838515831,13.91116806461563,12.287500190855873,0.16500375585138785,7.027668748131302,11.456639162476701,2.615781797658955,0.9836460725449447,0.40204676255254446,Hawaii,Hawaii,Pacific
47.791134434358,3.500622193894614,13.776769097782068,12.244871879129471,0.16653968266026148,7.093571244395175,11.436939334264306,2.6194048649480863,0.9735528712726742,0.39659439729536305,Hawaii,Hawaii,Pacific
47.590568130830746,3.5130899481272895,13.802996492823711,12.293749252419323,0.1569778972277758,7.235928677549679,11.401605174900583,2.5782471721629996,1.018344669092521,0.40849258486538603,Hawaii,Hawaii,Pacific
47.628384082062354,3.4643766985479885,13.73104105551185,12.360651482184867,0.171253208065541,7.310575307239868,11.404128566745616,2.5497270252977535,0.9665758961106767,0.413286678233475,Hawaii,Hawaii,Pacific
47.620222328900546,3.627622649176449,13.539239355930425,12.564561327163156,0.18033047699860505,7.445358519948786,11.187716364430992,2.5328487072547192,0.9184470390126487,0.3836532311836729,Hawaii,Hawaii,Pacific
45.883645418018915,3.0900815700216544,13.712236966971092,12.715360388894897,0.18296535611970324,10.18507149066348,10.77462652704919,2.378549629556142,0.8131793605320145,0.2642832921729047,Hawaii,Hawaii,Pacific
46.50193207240187,3.14215985356925,13.280455562334758,12.619483424852554,0.18303843807199513,9.985763677038847,11.00264388854993,2.2676428716697177,0.6508033353670939,0.36607687614399026,Hawaii,Hawaii,Pacific
46.20073140999593,3.159284843559529,12.982527427874846,12.708248679398618,0.18285249898415276,10.36164160910199,10.940674522551808,2.4583502641202766,0.6501422186103211,0.35554652580251933,Hawaii,Hawaii,Pacific
46.454667078316355,2.027374704126788,13.759390758464546,11.011629103632806,0.2058248430585572,11.793763507255326,10.692600596892046,3.0256251929607902,0.6689307399403108,0.36019347535247503,Hawaii,Hawaii,Pacific
40.81528921419132,1.931483175764969,12.209006811019622,12.107349801768834,0.23381112127681208,13.489885127579548,12.940937277625295,4.198434482057538,1.0775642980583513,0.996238690657721,Hawaii,Hawaii,Pacific
46.92995678826249,2.4319163903125314,15.174354336247612,12.86302884132248,0.18088634308109736,7.737915787358054,9.64727163099186,3.7182192744447793,1.0049241282283188,0.3115264797507788,Hawaii,Hawaii,Pacific
46.82428371067922,1.9935884592266073,13.654578240833498,12.53255860548988,0.18032458425165293,10.569024243638548,10.408735724303746,2.7649769585253448,0.8114606291324383,0.2604688439190542,Hawaii,Hawaii,Pacific
47.40748271655143,2.287515250101667,13.714924766165105,12.505083367222444,0.18300122000813332,9.455063033753557,10.227734851565675,2.978853192354615,0.9455063033753557,0.29483529890199256,Hawaii,Hawaii,Pacific
46.28816501582762,2.236291228428469,12.590625957316451,12.294496068620441,0.18380475850097006,11.896252425201673,10.834269376084956,2.583477994485857,0.8271214132543654,0.265495762279179,Hawaii,Hawaii,Pacific
47.382198952879584,2.2452678211840515,14.226741844542893,12.474828836085381,0.19130084575110753,8.779701973419252,10.652436568666936,2.8292388240032222,0.9464357631896899,0.27184857027788967,Hawaii,Hawaii,Pacific
47.32187719827154,2.190734599537735,14.169430208019296,12.410812983619737,0.19093558436338057,9.094563360466285,10.642146517937896,2.793689076474726,0.9144809566877701,0.2713295146216461,Hawaii,Hawaii,Pacific
47.97463175122749,3.2426350245499176,13.35924713584288,12.254500818330605,0.1841243862520458,7.927577741407528,10.894026186579378,2.843698854337152,0.8183306055646482,0.5012274959083469,Hawaii,Hawaii,Pacific
45.990847592518904,2.1786709112614404,14.007162753680861,13.84799044966176,0.17906884202148826,9.580183048149623,10.196975726223638,2.855153203342619,0.8953442101074414,0.2686032630322324,Hawaii,Hawaii,Pacific
44.32717678100264,4.0186726202557335,14.603206819565662,13.99431702861782,0.19281510046681552,8.331641972802924,9.914755429267302,3.288004871118328,0.8524457073269739,0.4769636695758068,Hawaii,Hawaii,Pacific
46.984991019573904,2.0707976358648317,14.676526933799291,12.321824952540535,0.18094348274547073,9.24822245143517,10.725927560523182,2.724204656890143,0.8152509139254265,0.2513103927020427,Hawaii,Hawaii,Pacific
47.3670931524529,2.304672906265314,14.474963165666358,12.28091455890178,0.18194786102094582,8.925553404527511,10.643949869725331,2.7090014863118603,0.8591982325989109,0.2527053625290915,Hawaii,Hawaii,Pacific
46.362178363768926,1.8585055248748108,13.391285754908772,11.826470314452909,0.180827564582414,11.542826205844095,11.633239988135301,2.3005284605207112,0.6630344034688515,0.24110341944321867,Hawaii,Hawaii,Pacific
46.2664920599002,1.899297784387736,13.797544222033661,11.979104267448786,0.18088550327502248,12.28011583344875,10.410965632940183,2.311314764069732,0.6632468453417492,0.2110330871541929,Hawaii,Hawaii,Pacific
45.2,3.4300000000000006,11.87,13.570000000000002,0.18,11.93,9.93,2.04,1.51,0.34,Hawaii,Hawaii,Pacific
47.47,3.18,14.19,12.5,0.15,8.58,10.21,2.77,0.66,0.29,Hawaii,Hawaii,Pacific
47.47474747474747,3.13031303130313,14.211421142114212,12.29122912291229,0.15001500150015,8.81088108810881,10.19101910191019,2.76027602760276,0.69006900690069,0.29002900290029,Hawaii,Hawaii,Pacific
47.122518548225386,2.907559655103268,15.730900340886302,11.991177060356929,0.180469219971927,7.4092640866252255,10.848205333868057,2.707038299578905,0.7118508121114897,0.39101664327250846,Hawaii,Hawaii,Pacific
46.90554915079544,2.039371702208497,13.051978894134383,11.93992989863711,0.2141340287318922,10.70670143659461,11.72638728769886,2.3452774575397717,0.7953549638613139,0.2753151797981471,Hawaii,Hawaii,Pacific
47.256404919706796,2.0325335449336257,13.414721396561927,12.174225523418038,0.21341602221803066,10.874054465394895,10.36592107916149,2.540666931167032,0.8435014211474545,0.2845546962907076,Hawaii,Hawaii,Pacific
46.79184782927261,2.021246126534454,14.047660579414458,12.055581034485897,0.16169969012275637,11.420040614919667,10.106230632672272,2.425495351841345,0.6973299136543867,0.27286822708215136,Hawaii,Hawaii,Pacific
47.552831195458154,2.2024469185264834,13.815348852575212,11.962189993082315,0.19021132478183264,10.011122356938559,10.411567251216102,2.5027805892346398,1.0311456027646717,0.3203559154220339,Hawaii,Hawaii,Pacific
46.85629958958374,2.3479191515477686,14.189598350658256,12.494074056228378,0.18375019446895585,9.902093813049285,10.00417725442093,2.4500025929194114,1.2352096405968698,0.33687535652641903,Hawaii,Hawaii,Pacific
46.87519593533333,2.2890223068209483,14.331270094878981,12.529491066742118,0.17914087618598726,9.653702772244868,10.350361735190376,2.587590433797594,0.8957043809299363,0.3085203978758669,Hawaii,Hawaii,Pacific
47.028239145660386,2.2202172987221642,15.036926250436474,12.41242756541063,0.23211362668458987,8.779950226764921,10.293734748620942,2.8257311074645726,0.8578112290517452,0.31284880118357766,Hawaii,Hawaii,Pacific
47.691393730063886,2.2182043595378556,14.015018453443723,12.86489965851752,0.21173768886497707,10.385229501472686,8.066197671046746,3.0248241266425295,1.1595159152129697,0.3629788951971036,Hawaii,Hawaii,Pacific
46.76868757698874,2.4112749771164976,14.708777360410638,12.53100020509903,0.1908926023550561,9.08246908047214,10.197683757388523,2.913623930682435,0.9142750954900055,0.2813154139969248,Hawaii,Hawaii,Pacific
46.32265447098021,1.828790263279479,13.243656961551393,11.88647352363872,0.18086936669797046,11.917281605766275,11.46510818902135,2.270915381874518,0.6631876778925584,0.22106255929751945,Hawaii,Hawaii,Pacific
46.75420029354556,2.2833914515135207,14.756542992820856,12.436464381386807,0.1911208703909995,9.224096744660343,10.411057939720237,2.786341110437203,0.8751324065272083,0.28165180899726244,Hawaii,Hawaii,Pacific
46.9332487176788,2.0470885078987555,13.480826759333272,12.414569254731767,0.17974435679111028,10.485087479481434,10.98437735945674,2.446520411879001,0.7689064151619718,0.25963073758715927,Hawaii,Hawaii,Pacific
46.33686468280434,2.3318551773419895,15.512341308498215,13.120880710275479,0.19015128055578456,7.095645153371118,12.009554561417971,2.4519507229561697,0.7005573494160483,0.2501990533628744,Hawaii,Hawaii,Pacific
46.15070605363225,2.2674042539393238,15.651109009492679,13.025984613274339,0.19062248152587236,7.394145730766732,11.938987000830952,2.437961211094052,0.6922605908044838,0.2508190546393057,Hawaii,Hawaii,Pacific
46.830926492924135,2.3807227753803133,14.786598841180682,12.566198156496863,0.1908596317815441,9.141171837958165,10.085424753087908,2.8327587453892336,0.9141171837958164,0.2712215820053522,Hawaii,Hawaii,Pacific
46.76280633929009,2.4089018075616266,14.764560662179804,12.476567658594215,0.19070472643196212,9.143789777869342,10.197684318677554,2.8505338056145915,0.9133752687004502,0.2910756350803632,Hawaii,Hawaii,Pacific
46.881018585467224,2.439941639809068,14.760140784030163,12.553696538694775,0.19077732986161436,8.876166294614057,10.181484867351418,2.901823596316134,0.9237639130141327,0.29118645084141137,Hawaii,Hawaii,Pacific
46.12198730837108,2.432763933876591,14.355317758577572,12.812555378050913,0.19100212703989766,9.690844761392704,10.585538935421697,2.6639770350301517,0.8645359434437474,0.2814768187956387,Hawaii,Hawaii,Pacific
46.83989018100839,2.4419852636741126,14.792602091062939,12.570897967223132,0.1909371193819265,9.034340543386945,9.908631563714712,2.9745993335289604,0.9546855969096326,0.2914303401092562,Hawaii,Hawaii,Pacific
46.76626811302223,2.4386702041769106,14.732378023587259,12.478836005650892,0.1906779171990177,9.09232594643737,10.136036651105677,2.9504898766584837,0.9333182262899287,0.2809990358722366,Hawaii,Hawaii,Pacific
46.74039282275436,2.4779731760507246,14.777548535719504,12.558646953610877,0.19061332123467112,8.948793817964559,9.891828144072932,3.150135940404565,0.9630988862383382,0.3009684019494807,Hawaii,Hawaii,Pacific
46.62877375873432,2.417193907475795,14.73385000034001,12.589855171570315,0.19056715453128675,9.087044316070832,10.200357692543085,2.9788655208311665,0.9026865214639899,0.2708059564391969,Hawaii,Hawaii,Pacific
46.68393255399636,2.4115677599998118,14.790948927998848,12.480186710006826,0.19091578099998513,9.013234502999298,10.188873785999206,3.0446042969997626,0.9143861089999287,0.2813495719999781,Hawaii,Hawaii,Pacific
46.83132281296717,2.3998040635289786,14.80046522862642,12.472418318903312,0.19077940253996062,8.996754982937091,10.121349355804227,2.9621012499625468,0.9338149703271758,0.29118961440309776,Hawaii,Hawaii,Pacific
46.68293800940093,2.2718225646263153,14.626114298811013,12.444360451791123,0.19099393242433627,9.479330435586794,10.414195473242756,2.7543335518035863,0.864498852025943,0.27141243028721473,Hawaii,Hawaii,Pacific
46.81613263803393,2.2945138094307254,14.874085133064089,12.426056273393977,0.1912094841192271,8.976782096544769,10.405821398909518,2.82788763355278,0.8956654782426955,0.291846054708294,Hawaii,Hawaii,Pacific
46.27455939858103,1.8083848657717294,13.080650529082178,11.941703619504414,0.18083848657717294,12.28697050466014,11.302405411073309,2.2504344996270413,0.6630744507829676,0.2109782343400351,Hawaii,Hawaii,Pacific
46.470984383332556,2.1045364541964253,12.899096640313978,12.102876991958858,0.1812519434236156,11.811584979772283,11.016090339190859,2.3059275024448875,0.8458424026435395,0.2618083627230003,Hawaii,Hawaii,Pacific
46.29428289431977,1.9502911794784008,13.953629675855778,12.45806396444374,0.1910078990210805,11.219200805659254,10.545646635427024,2.4328374506895516,0.7238194068167261,0.2312200882886764,Hawaii,Hawaii,Pacific
46.61345464661586,2.0498264168807143,14.117677037830411,12.10866829188427,0.18086703678359242,10.982648400248141,10.440047289897365,2.4919458401294956,0.7435644845547689,0.2713005551753887,Hawaii,Hawaii,Pacific
46.750265628336436,1.9194541562795053,14.039148985981512,12.187484724762736,0.1909404658079089,10.511775117635407,11.03434902405705,2.4420280627011506,0.6934153758287217,0.23113845860957394,Hawaii,Hawaii,Pacific
46.97125683925611,2.0580189852251385,14.093394717448621,12.57454644136739,0.19167823881998838,10.219476627613066,9.98744507535729,2.754113641992465,0.8776845672283679,0.2723848656915625,Hawaii,Hawaii,Pacific
46.67751142859953,2.011094848280893,14.399439113691196,12.547540522505368,0.19105401058668484,10.035363292921657,10.3571384686466,2.694867096696397,0.8245488877951661,0.2614423302765161,Hawaii,Hawaii,Pacific
46.356034820243366,2.0654177653009977,14.941534370445755,12.214707370401989,0.18135375500203882,9.732651518442752,11.032353429290694,2.397899649471402,0.7354902286193797,0.34255709278162894,Hawaii,Hawaii,Pacific
46.865520061998666,2.1013210116179613,15.032527236959261,12.633537940037835,0.18184508754386203,9.011434338284719,10.516707562953355,2.606446254795356,0.7879953793567355,0.26266512645224516,Hawaii,Hawaii,Pacific
46.89919273060909,2.294853661390915,14.73115669102465,12.45484023619636,0.19040270553025057,8.98901194003341,10.472148804163782,2.7959134127863114,0.9119287475396212,0.26055107072560607,Hawaii,Hawaii,Pacific
47.40660580050924,2.275759826139232,15.202075638610069,12.145556222909484,0.18206078609113852,8.425368600773245,10.660670474447778,2.5387365171597653,0.9001894423395184,0.26297669102053345,Hawaii,Hawaii,Pacific
47.03666501011149,2.3688973415250345,15.668850636104148,12.782419489360091,0.19071631139396464,7.7390671623550915,9.555890970897597,3.33251659909454,1.003770059968235,0.32120641918983517,Hawaii,Hawaii,Pacific
47.136308066304,2.1462235181963982,14.489527789513716,12.317196923262635,0.1612186680335323,8.59497023953769,11.597667931662228,2.458584687511367,0.8564741739281403,0.2418280020502984,Hawaii,Hawaii,Pacific
45.811252219406086,2.419573040735671,13.91505491477029,13.15640330969481,0.18071499889312062,10.049761882889653,10.431271324997352,2.7207647055575386,1.0039722160728923,0.31123138698259667,Hawaii,Hawaii,Pacific
46.99079018602158,2.3355064234946727,15.446418019765195,12.78437171318818,0.1603781235017801,7.166897393985799,11.025995990747383,2.8467116921565965,0.932197842854097,0.31073261428469895,Hawaii,Hawaii,Pacific
46.67846325913484,2.2566940767738157,13.991503275997658,12.851489630721403,0.16047602323724913,9.427966365188386,10.771953059800348,2.6980031406762506,0.872588376352542,0.290862792117514,Hawaii,Hawaii,Pacific
46.28691059962223,2.358504768194108,14.18113718067351,12.865794053356403,0.17061523855021204,9.37380192975871,10.80897717168108,2.6896990547915784,0.973510478786504,0.2910495245856558,Hawaii,Hawaii,Pacific
46.20052574977144,2.0047364697588046,13.636278525262938,12.45305660236042,0.18317389063786033,10.481617075388677,11.397486528577975,2.818842650371517,0.55969799917124,0.2645845086991316,Molokai,Hawaii,Pacific
46.9832346149985,2.0078305391025,14.857945989358502,11.585182210621424,0.1505872904326875,8.212026904929225,12.35819696817589,2.93143258708965,0.662584077903825,0.2509788173878125,Molokai,Hawaii,Pacific
47.16319165998396,1.9647153167602245,14.935846030473135,11.186848436246992,0.1503608660785886,8.440256615878107,12.319566960705693,2.9971932638332,0.6214915797914996,0.22052927024859664,Molokai,Hawaii,Pacific
46.18773055755337,2.7145420590842773,14.990754654644517,12.628209695294885,0.1620622124826434,8.923550574825553,10.837910459776777,2.582866511442129,0.6077332968099127,0.36463997808594767,Molokai,Hawaii,Pacific
47.21611091827564,2.990018111455835,12.382903289867599,12.323004267108203,0.1812132188761112,10.36942308013303,10.872793132566674,2.5470524653142297,0.6946506723584261,0.42283084404425947,Molokai,Hawaii,Pacific
47.00139611183206,3.216939904455883,15.032429460074221,12.441109204887708,0.17036753388084117,7.446063392556764,10.622916818452447,2.966399413454646,0.6614268962432657,0.4409512641621771,Molokai,Hawaii,Pacific
47.06637645101496,3.0378470170620675,15.76642601855213,12.62139363257139,0.18227082102372405,7.2807066842254216,9.87300280545172,3.058099330509148,0.6885786572007353,0.42529858238868945,Molokai,Hawaii,Pacific
47.00664763216075,3.095337674938926,14.475255597508507,13.118119967155431,0.19219416935895292,8.42619700400041,10.115482597839627,2.71094933622102,0.43496575170710394,0.4248502691092644,Molokai,Hawaii,Pacific
46.29932929615247,2.6945103694612085,12.185621521593223,12.750145573938953,0.1910287202229961,12.406812671325115,10.114468028649162,2.312452929015216,0.6937358787045648,0.351895010937098,Molokai,Hawaii,Pacific
46.288090553283524,2.7516037977513323,12.769479846601554,13.151231242826466,0.2038225035371357,11.648456077147305,9.783480169782514,2.3031942899696336,0.6929965120262614,0.4076450070742714,Molokai,Hawaii,Pacific
46.437327992476376,2.773595347815893,12.74630214988921,13.080416379475482,0.193743792678316,11.512460101779935,9.84014525971447,2.355516637299526,0.6933988369539732,0.3670935019168093,Molokai,Hawaii,Pacific
46.18022457957227,3.3390609358586425,14.20618652710768,14.004003351931498,0.2023673294459784,8.205995209034423,9.278542055098109,2.9950364758004797,0.9915999142852939,0.5969836218656361,Molokai,Hawaii,Pacific
46.85690543343385,3.2820030745400866,14.945737077905624,12.900687637205403,0.18177247797452786,7.361785357968379,10.19945570857073,3.1002305965655585,0.7068929699009417,0.4645296659349046,Molokai,Hawaii,Pacific
43.4964574899296,2.128421273278095,13.476638962557038,12.845688146337741,0.1916587876411555,13.184107128788957,11.116209683187018,2.5722626762365604,0.6052382767615436,0.383317575282311,Molokai,Hawaii,Pacific
44.46614274629004,2.472602445617501,12.413888821618729,13.642070140099896,0.18315573671240748,12.108629260431384,10.98934420274445,2.615056907504929,0.7529735842621196,0.3561361547185701,Molokai,Hawaii,Pacific
45.69161083183227,1.733855817922128,12.88866232281998,12.485381490774444,0.18040118336762026,13.630311632220197,10.343001179743561,2.415371399533138,0.42093609452444725,0.21046804726222362,Molokai,Hawaii,Pacific
48.04266881352521,1.6000805071953308,15.86998087954111,11.079802757371441,0.16101439066116538,7.6280567575727085,11.86474791184462,3.039146623729496,0.47297977256717316,0.24152158599174803,Kaula,Hawaii,Pacific
46.94226513779925,1.4685174009253672,15.912291289478981,11.62743914705291,0.1911084288875478,8.459062562864617,11.939247636290485,2.8968014484007245,0.35204184268758804,0.2112251056125528,Kaula,Hawaii,Pacific
46.60135339864661,1.4846985153014847,15.846884153115848,11.685688314311687,0.19189980810019192,8.514291485708515,12.02908797091203,3.0299969700030305,0.393899606100394,0.22219977780022224,Kaula,Hawaii,Pacific
47.32160905599354,1.6777845158682032,15.767131594906006,12.03759854457247,0.19203557711744496,7.125530624620984,12.239741257327674,3.0624620982413586,0.36385688295936935,0.21224984839296546,Kaula,Hawaii,Pacific
47.28705668384359,1.6671718702637162,15.802768515711833,11.862180458724866,0.17176922299686775,7.4365969485702745,12.15519854501364,3.031221582297666,0.3536425179347277,0.23239365464282108,Kaula,Hawaii,Pacific
46.65859075307894,1.403189985867151,16.414294367050275,11.578841106400162,0.19180294770845951,7.67211790833838,12.507571168988493,2.9578033515041393,0.40379567938623057,0.21199273167777102,Kaula,Hawaii,Pacific
46.735395189003434,1.4048918536486759,16.353345461896097,11.512027491408935,0.18192844147968465,7.651101677784516,12.52274105518496,3.0018192844147973,0.41439256114817064,0.22235698403072568,Kaula,Hawaii,Pacific
46.58529204075456,1.4829012407949156,16.311913648744074,11.600928074245939,0.17149198022798345,7.7171391102592555,12.4785635024715,3.0162412993039442,0.4035105417129022,0.23201856148491878,Kaula,Hawaii,Pacific
46.71834105093618,1.419367827662573,16.44856049929535,11.576404268169922,0.19126233138715526,7.620293940004028,12.442117978659152,2.9293336017716936,0.4227904167505537,0.23152808536339844,Kaula,Hawaii,Pacific
46.77873968190053,1.4294342661566335,16.448560499295343,11.465673444735252,0.1610630159049728,7.610227501509964,12.482383732635393,2.969599355747936,0.42279041675055357,0.23152808536339842,Kaula,Hawaii,Pacific
46.83162341581173,1.4886340776503726,16.405149869241605,11.557030778515392,0.1709917521625428,7.392878696439349,12.572922953128145,2.926976463488233,0.41239187286260315,0.2414001207000604,Kaula,Hawaii,Pacific
46.596858638743456,1.2988320579943617,16.51228352799033,11.498187676198146,0.1913008457511075,7.722513089005235,12.666129681836487,2.8896496173983084,0.3926701570680628,0.23157470801449856,Kaula,Hawaii,Pacific
46.48539778449144,1.3494461228600203,16.61631419939577,11.450151057401813,0.19133937562940584,7.945619335347431,12.30614300100705,3.0211480362537766,0.3826787512588117,0.25176233635448136,Kaula,Hawaii,Pacific
46.405228758169926,1.3675213675213673,16.7420814479638,11.513323278029159,0.18099547511312214,7.662141779788838,12.398190045248866,3.056812468577174,0.4223227752639516,0.2513826043237808,Kaula,Hawaii,Pacific
46.45669291338582,1.4637593377750855,16.424389259034925,11.599030890369471,0.18170805572380372,7.258227336967494,12.62870987280436,3.2303654350898445,0.46436503129416506,0.2927518675550171,Kaula,Hawaii,Pacific
47.56539235412475,1.579476861167002,16.207243460764587,11.378269617706236,0.1710261569416499,7.052313883299798,12.2635814889336,3.118712273641851,0.44265593561368205,0.22132796780684103,Kaula,Hawaii,Pacific
47.40501864355538,1.461251637609594,16.214854378716115,11.377607578353322,0.1914743525143606,7.568275723067622,12.10319459840774,3.043434445228258,0.4232590950317445,0.21162954751587226,Kaula,Hawaii,Pacific
48.0722891566265,1.4959839357429716,16.004016064257026,11.295180722891565,0.18072289156626503,7.16867469879518,12.018072289156626,3.122489959839357,0.3915662650602409,0.25100401606425704,Kaula,Hawaii,Pacific
46.51467769595481,1.846060728336528,16.33208917582972,11.671542419045698,0.17149198022798345,7.031171189347321,12.337334812871987,3.2280843337032183,0.5346514677695955,0.3328961969131444,Kaula,Hawaii,Pacific
46.45772447848433,1.5922604051194194,16.597803083744832,11.246598810843494,0.17131915751284896,7.25587020054419,12.274513755920587,3.3759951627531994,0.7155094225536631,0.3124055225234304,Kaula,Hawaii,Pacific
46.56773672521704,1.6252776095295782,16.60609731475873,11.205330102967897,0.171613163739148,7.046234605289723,12.325863113264688,3.3918837068443364,0.726832222895215,0.33313143549364027,Kaula,Hawaii,Pacific
46.64443096826359,1.6272488376794014,16.595916717202343,11.148170608449563,0.16171417020416412,7.05478067515666,12.361026884980795,3.3858904386496866,0.7074994946432179,0.313321204770568,Kaula,Hawaii,Pacific
46.80100755667507,1.6624685138539042,16.60453400503778,11.032745591939545,0.181360201511335,7.002518891687657,12.292191435768261,3.3753148614609576,0.72544080604534,0.3224181360201511,Kaula,Hawaii,Pacific
46.123640757148614,1.550543697140556,16.62303664921466,11.286749899315346,0.19130084575110753,7.0378574305275885,12.92790978654853,3.302456705598067,0.6041079339508659,0.3523962948046718,Kaula,Hawaii,Pacific
45.9709911361805,1.6015310233682516,16.710314262691377,11.089846897663175,0.17123287671232879,7.161563255439162,13.033843674456083,3.263497179693795,0.6345688960515713,0.362610797743755,Kaula,Hawaii,Pacific
46.0203772823565,1.6241299303944319,16.584283264400284,11.227680823161506,0.17149198022798345,7.010995662261676,13.104004842126502,3.258347624331686,0.6153535761121759,0.38333501462725716,Kaula,Hawaii,Pacific
46.10971313537998,1.4896829391041773,16.768998490186213,11.192752893809764,0.2013085052843483,7.176648213387016,12.863613487669854,3.291394061399094,0.58379466532461,0.3220936084549572,Kaula,Hawaii,Pacific
47.541649735879716,1.4831369362047946,14.638358390898007,11.23527021535961,0.20316944331572528,10.493701747257212,10.757822023567654,2.956115400243803,0.4571312474603819,0.23364485981308408,Kaula,Hawaii,Pacific
46.51635181799715,1.2898639041235018,14.645541336583385,11.679869997968717,0.2031281738777168,11.629087954499287,10.735323989437335,2.7828559821247207,0.3351614868982328,0.18281535648994512,Kaula,Hawaii,Pacific
46.53756463550644,1.3484740951029102,14.782520531278518,11.639460610361962,0.21291696238467,11.142654364797732,10.939876305383759,2.798337219912806,0.38527831288654574,0.21291696238467,Kaula,Hawaii,Pacific
46.52574087185192,1.30474360271063,15.333265904723373,11.59097805198746,0.20228582987761706,10.488520279154443,11.25720643268939,2.690401537372307,0.4045716597552341,0.20228582987761706,Kaula,Hawaii,Pacific
46.49752350146568,1.2635196603659151,14.49509754371778,11.88719296472253,0.22237946022440105,11.573840088951783,10.71464671990296,2.5371474780147576,0.6165975942585666,0.19205498837561913,Kaula,Hawaii,Pacific
46.213355048859924,1.2316775244299674,15.207654723127034,11.563517915309445,0.20358306188925082,11.207247557003257,11.06473941368078,2.717833876221498,0.37662866449511395,0.2137622149837133,Kaula,Hawaii,Pacific
46.16477272727273,1.2073863636363635,15.209009740259742,11.536120129870127,0.20292207792207795,11.160714285714285,11.06939935064935,2.820616883116883,0.39569805194805197,0.2333603896103896,Kaula,Hawaii,Pacific
46.41990291262136,1.3551779935275083,15.857605177993527,11.488673139158575,0.20226537216828483,9.203074433656958,11.751618122977346,2.942961165048544,0.505663430420712,0.27305825242718446,Kaula,Hawaii,Pacific
47.06477732793523,1.3259109311740893,14.87854251012146,11.47773279352227,0.2024291497975709,10.668016194331985,10.870445344129557,2.8542510121457494,0.4655870445344131,0.19230769230769235,Kaula,Hawaii,Pacific
47.09592106601566,1.261316244532601,14.332214423761569,11.372190011189096,0.19326619875902756,11.951988607466179,10.416030922591801,2.837961550198352,0.3458447767266809,0.19326619875902756,Kaula,Hawaii,Pacific
44.949546427479355,2.2118030781775553,13.525634491896849,12.91407603710121,0.7440627866680255,10.528998063398225,8.918560799103046,3.964937315258383,1.4269697278564875,0.81541127306085,Kaula,Hawaii,Pacific
45.8324883390793,1.5919691746096125,14.368282295680388,12.005678361387142,0.21293855201784626,11.630500912593794,10.67734739403772,2.707361589941188,0.6692354491989455,0.30419793145406604,Kaula,Hawaii,Pacific
45.96185064935064,1.6335227272727273,14.600243506493504,11.93181818181818,0.21306818181818177,11.201298701298699,10.856331168831167,2.75974025974026,0.5478896103896103,0.29423701298701294,Kaula,Hawaii,Pacific
47.033726127590405,1.869158878504673,13.612352702153597,10.99146688338074,0.18285249898415276,11.570499796830557,10.564811052417717,2.7834213734254374,0.9244209670865502,0.4672897196261683,Kaula,Hawaii,Pacific
46.83390653449322,1.8814485130487562,13.433137770584663,11.10661541573943,0.1820756625531054,11.713534290916447,10.499696540562413,2.973902488367388,0.9002629981792434,0.47541978555533077,Kaula,Hawaii,Pacific
46.69221460266236,1.8253327954820493,12.868091972569584,11.052843888664786,0.24203307785397335,12.7269060104881,10.246066962484873,2.91448164582493,0.9681323114158934,0.463896732553449,Kaula,Hawaii,Pacific
46.92409040235127,1.8648018648018647,13.317117664943753,11.229350359785142,0.2229654403567447,11.604337691294212,10.428701733049559,2.949224688355123,0.9830748961183744,0.4763352589439546,Kaula,Hawaii,Pacific
45.101214574898776,1.7914979757085017,14.139676113360322,12.62145748987854,0.2732793522267206,12.40890688259109,10.273279352226718,2.510121457489878,0.6174089068825909,0.26315789473684204,Kaula,Hawaii,Pacific
45.52615633205413,1.5047465158553828,14.70410018178146,11.866289638456879,0.6968289234498081,11.017976166431025,10.654413249848517,3.059987881236114,0.6665320137345991,0.30296909715209047,Kaula,Hawaii,Pacific
46.03815484001211,1.4333299687089935,14.737054607853034,11.395982638538408,0.2018774603815484,11.567578479862725,10.699505400222066,2.967598667608762,0.6762894922781872,0.2826284445341678,Kaula,Hawaii,Pacific
46.40655008591933,1.4353583341756797,14.929748306883653,11.05832406752249,0.17183867380976448,10.926918022844436,11.139189325785908,2.759526938239159,0.879409683614677,0.29313656120489234,Kaula,Hawaii,Pacific
46.57825470743065,1.4679084834986837,15.134642640210568,11.226969022069245,0.19234662887224133,10.447458999797531,11.034622393197004,2.733346831342377,0.8908685968819599,0.29358169669973677,Kaula,Hawaii,Pacific
46.71178906960299,1.495100515203556,15.37529043337711,11.384988382664917,0.19193857965451058,9.506010708152338,11.26376401656733,2.8689766643095265,0.8990807152237601,0.30306091524396406,Kaula,Hawaii,Pacific
47.84799919362967,1.572422134865437,15.80485838121157,10.815441991734703,0.19151295232335447,7.972986594093337,11.037193831267007,3.376675738332829,1.0382017941739743,0.34270738836810805,Kaula,Hawaii,Pacific
45.688350983358546,1.3010590015128594,14.886535552193644,11.235501765002521,0.2017145738779627,11.870902672718103,11.053958648512355,2.8139183055975794,0.6454866364094806,0.302571860816944,Kaula,Hawaii,Pacific
45.449041372351154,1.3319878910191725,14.520686175580222,11.301715438950554,0.20181634712411706,12.563067608476286,10.988900100908173,2.7346115035317857,0.5953582240161452,0.31281533804238143,Kaula,Hawaii,Pacific
47.76722570216206,1.4851485148514854,15.983026874115986,11.103253182461104,0.18185492018589614,8.345120226308346,10.800161648817944,3.1622550010103057,0.8284501919579714,0.343503738128915,Kaula,Hawaii,Pacific
47.83446597017952,1.4910234303681915,15.995537072725426,11.03560198803124,0.19271731412922202,7.870980829698753,11.106603103763057,3.2457652905974235,0.8824424383811745,0.34486256212597627,Kaula,Hawaii,Pacific
47.73762526571515,1.5284947869217533,16.094746431825087,11.165097681951615,0.2631845328474542,7.581739042413201,10.881668185038972,3.431521409049499,0.9616357930964672,0.3542868711408037,Kaula,Hawaii,Pacific
42.24680332859754,2.62837426425817,12.878019078546785,12.624314998985186,0.2232595900142075,11.731276638928358,11.457276233001828,3.9476354779784866,1.4816318246397404,0.7814085650497262,Kaula,Hawaii,Pacific
42.36308316430021,2.586206896551724,12.474645030425965,12.718052738336713,0.2535496957403651,12.312373225152133,11.33874239350913,3.7728194726166335,1.4300202839756593,0.7505070993914809,Kaula,Hawaii,Pacific
42.344352058406,2.6262421415534374,12.84729263841006,12.451835327519774,0.22307848306631514,11.792739809369298,11.569661326302983,3.9140133847089844,1.4500101399310485,0.780774690732103,Kaula,Hawaii,Pacific
46.109480926844086,1.4064555296974603,14.105028837397555,11.737326722655066,0.22260447232621675,12.405140139633716,9.93625417383386,2.9242132955580296,0.8600627339876556,0.29343316806637665,Kaula,Hawaii,Pacific
47.24608388074786,1.7685699848408292,15.44214249621021,11.076301162203135,0.1819100555836281,8.792319353208692,10.732693279434057,3.2541687721071253,1.1520970186963113,0.3537139969681658,Kaula,Hawaii,Pacific
47.159320663162156,1.7488879902951882,15.355843105539831,11.211079660331583,0.19207440355843108,8.83542256368783,10.655074807925596,3.346138293570563,1.1423372422159321,0.35382126971289934,Kaula,Hawaii,Pacific
47.114704396159674,1.7281455280444669,15.280444669024758,11.591712986356747,0.19201616978271854,8.812531581606873,10.550783223850429,3.1935320869125823,1.192521475492673,0.34360788276907533,Kaula,Hawaii,Pacific
46.511158234878316,1.474300716954458,14.955064121983236,11.66313238412602,0.2019590023225285,10.2797132182167,10.724023023326263,3.069776835302433,0.807836009290114,0.31303645359991916,Kaula,Hawaii,Pacific
47.156278411960805,1.5557126982523488,15.79957571471866,10.809172643701384,0.18183654914637842,8.94029699969694,11.273866047075463,3.1114253965046976,0.8485705626830993,0.3232649762602283,Kaula,Hawaii,Pacific
46.51633127717666,1.4359389220345842,14.76387905753868,11.143695014662757,0.19213267266659928,11.34593993325918,10.688643947820813,2.881990089998989,0.728081706947113,0.3033673778946304,Kaula,Hawaii,Pacific
46.46885479117976,1.4632659282593232,14.612336144700745,11.54354232293466,0.21339294787115132,11.279341530332283,10.456254445686413,2.87572401178742,0.7824408088608882,0.304847068387359,Kaula,Hawaii,Pacific
46.453506020439136,1.4368106850146716,14.519882626732775,11.484367095011635,0.2124860872204796,11.534959020540322,10.320752807851866,2.9444500657695034,0.7892340382474957,0.3035515531721137,Kaula,Hawaii,Pacific
46.48944805194805,1.450892857142857,14.985795454545453,11.48538961038961,0.20292207792207795,10.633116883116884,10.80560064935065,2.9119318181818183,0.7305194805194805,0.30438311688311687,Kaula,Hawaii,Pacific
45.975966878723625,1.4137130162576999,14.248207613854388,11.915581137029186,0.2928405533676664,12.07714833888721,10.299909118448955,2.8072301322831468,0.6664647076643443,0.3029385034837928,Kaula,Hawaii,Pacific
47.67936765301986,2.1787596270774223,15.03850830968788,10.488447507093635,0.16214025131738957,8.796108633968384,10.184434535873532,3.779894608836644,1.053911633563032,0.6384272395622214,Kaula,Hawaii,Pacific
41.657346212506354,2.8774783934926287,12.23182511438739,12.994407727503813,0.23385866802236913,13.045246568378241,11.032028469750891,3.8027452974072196,1.2506354855109303,0.8744280630401626,Kaula,Hawaii,Pacific
43.50345668971127,2.77551850345669,12.322082147214315,12.779585197234649,0.203334688897926,12.921919479463199,11.722244814965434,1.7791785278568526,1.2911752745018303,0.7015046766978448,Kaula,Hawaii,Pacific
42.80495230363305,2.770448548812665,11.700832149380961,13.080982342196066,0.22325959001420745,13.578242338136798,10.594682362492389,3.359042013395576,1.177186929165821,0.7103714227724782,Kaula,Hawaii,Pacific
43.17557251908398,2.8804071246819345,12.773536895674303,13.374045801526721,0.22391857506361326,10.625954198473284,10.860050890585244,3.8167938931297716,1.5165394402035626,0.7531806615776082,Kaula,Hawaii,Pacific
41.53377348908075,2.8745556119857794,12.097511427120365,13.468765871000507,0.33519553072625696,12.056881665820212,12.818689690198068,2.559674961909599,1.3712544438801422,0.8836973082783137,Kaula,Hawaii,Pacific
42.07057392009735,2.6566619346988447,12.107077671871833,12.979111742040159,0.25349827621172183,12.58365443114987,11.569661326302985,3.3968769012370723,1.2370715879132026,1.1458122084769826,Kaula,Hawaii,Pacific
41.64971521562246,2.8783563873067535,12.225386493083807,12.998372660699753,0.23393002441008948,13.039056143205856,11.025223759153782,3.8242473555736365,1.2510170870626525,0.8746948738812041,Kaula,Hawaii,Pacific
43.40458341868758,2.977355932126493,11.605611898697148,12.188254124255717,0.13165179291715787,13.782930012327062,11.38281655683734,3.0583724200755134,0.9418166724073602,0.5266071716686315,Oahu,Hawaii,Pacific
44.54364131840242,1.9648672950571604,12.0186045205273,14.12432786577591,0.17953102188339534,12.74670255372107,10.751913421683343,2.513434306367535,0.9076290550771655,0.24934864150471578,Oahu,Hawaii,Pacific
40.67198319676508,1.9391784300005317,11.827973146338323,12.241515637494247,0.23351363293200125,13.503179643459202,13.259513243877983,4.203245392776021,1.0609641148432227,1.0589335615133793,Oahu,Hawaii,Pacific
41.9399907391277,2.9585495778027324,11.120065654499928,13.751138480483224,0.21423979701330134,11.926015367073774,10.977239123157725,4.754083114676115,1.436426829498706,0.9222513166667828,Oahu,Hawaii,Pacific
44.48128016167279,2.372199193790286,12.767114974304802,13.31088207997357,0.20362224839401605,11.056688087795068,10.30328576873721,3.746649370449895,1.1871177081371131,0.571160406745215,Oahu,Hawaii,Pacific
42.305455225682095,3.0006764382027833,12.247658931439931,14.198004717553268,0.20412764885733217,11.686307897082267,10.849384536767207,3.8375997985178447,0.9889984587137743,0.6817863471834895,Oahu,Hawaii,Pacific
41.710553689718445,2.922395481445241,11.056055632600529,14.159230907254614,0.21458148639982538,13.171215998541664,11.515873103457295,3.3822129523020097,1.1975690574314064,0.6703116908489783,Oahu,Hawaii,Pacific
49.00838274381517,2.1059088121038645,11.766509916172563,11.40870987528113,0.19423430791249235,14.107544469433655,7.268452259251687,3.138417501533429,0.8280515232058885,0.17378859129012475,Oahu,Hawaii,Pacific
39.691334868470584,2.5757790129257865,12.402274538615107,12.950838397815154,0.20281724511226665,13.041148860718742,13.294670417109078,4.005640590967266,1.24732605744044,0.5881700108255732,Oahu,Hawaii,Pacific
46.18006817726087,2.3862041307399235,14.728293563264486,12.081411670342892,0.19049528774814514,7.038299578905153,12.031281331461798,3.799879687186685,1.0627631842791256,0.5013033888109083,Oahu,Hawaii,Pacific
46.53999999999999,2.3299999999999996,14.739999999999998,12.139999999999999,0.15999999999999998,7.039999999999999,11.809999999999999,3.749999999999999,0.9799999999999998,0.5099999999999999,Oahu,Hawaii,Pacific
45.471830281196844,2.611828279795857,14.05984188932253,11.377964575202643,0.14009806864805366,7.465225657960574,14.500150105073557,2.962073451415992,0.9106374462123489,0.5003502451716203,Oahu,Hawaii,Pacific
45.16485725774025,2.2517088862082835,12.404503417772418,12.615601125854445,0.1909931644551669,12.303980699638121,11.127864897466829,2.6839565741857663,0.8745476477683957,0.3819863289103338,Oahu,Hawaii,Pacific
44.88590872698159,2.231785428342674,12.349879903923139,13.030424339471578,0.1801441152922338,12.339871897518014,11.078863090472378,2.7021617293835067,0.8106485188150522,0.39031224979983986,Oahu,Hawaii,Pacific
45.331325301204814,2.2791164658634533,12.54016064257028,12.16867469879518,0.19076305220883533,12.279116465863453,11.255020080321284,2.6506024096385543,0.9036144578313252,0.4016064257028112,Oahu,Hawaii,Pacific
45.634001410011074,1.9941585255312717,12.730385738745086,12.20666733810051,0.19135864638936445,11.713163460570046,11.451304260247756,2.8603081881357633,0.7654345855574578,0.45321784671165266,Oahu,Hawaii,Pacific
45.607495466451745,1.9645375780777754,12.794680636711664,12.039089260527906,0.19141648196655248,12.321176707636509,11.162603264154743,2.7705017126737856,0.7052186177715091,0.44328027402780573,Oahu,Hawaii,Pacific
46.67870760585992,1.896447922937989,13.515954244431065,11.990768613285168,0.18061408789885608,11.699779249448122,10.455548866144891,2.659040738510937,0.6421834236403772,0.28095524784266507,Oahu,Hawaii,Pacific
46.46687380976245,1.9444722862583939,13.65139821589656,12.147940262603987,0.17039190137315827,11.275934649694296,10.854966422772376,2.5358324145534725,0.6514984464267816,0.30069159065851453,Oahu,Hawaii,Pacific
46.28794709948904,1.8635407273820261,13.49564171926661,12.072938583308288,0.18034265103697025,12.002805330127243,10.650235447349967,2.534816150686304,0.631199278629396,0.280533012724176,Oahu,Hawaii,Pacific
44.14432779533177,2.201610437264295,12.54714096422383,12.832534909795127,0.2038528182652125,12.90388339618795,11.273060850066251,2.8131688920599323,0.5504026093160738,0.5300173274895524,Oahu,Hawaii,Pacific
41.08410841084109,3.160316031603161,11.021102110211023,13.741374137413745,0.18001800180018004,12.791279127912794,12.121212121212123,3.660366036603661,1.3501350135013503,0.8900890089008903,Oahu,Hawaii,Pacific
40.8922305764411,3.0977443609022557,10.807017543859649,14.105263157894738,0.19047619047619047,12.93233082706767,11.93984962406015,3.8596491228070176,1.3032581453634084,0.8721804511278195,Oahu,Hawaii,Pacific
41.25300240192154,3.132506004803844,10.898718975180147,13.831064851881509,0.20016012810248202,12.660128102481988,12.009607686148922,3.7229783827061658,1.4111289031224983,0.880704563650921,Oahu,Hawaii,Pacific
40.97902097902098,3.1568431568431565,11.058941058941059,13.896103896103895,0.1898101898101898,12.277722277722276,12.137862137862138,3.8861138861138858,1.5284715284715285,0.889110889110889,Oahu,Hawaii,Pacific
41.2347408445067,3.151891134680808,11.04662797678607,13.50810486291775,0.19011406844106463,12.567540524314587,12.127276365819489,3.682209325595357,1.5909545727436463,0.9005403241945166,Oahu,Hawaii,Pacific
40.610517831956486,3.183558331654242,10.991335885553093,14.144670562159984,0.1914164819665525,12.72415877493452,12.301027604271612,3.6369131573644977,1.299617167036067,0.916784203102962,Oahu,Hawaii,Pacific
44.648288382678885,2.049197951997245,12.315376854367678,14.286996007839361,0.2018914238420931,11.53809487257562,11.174690309659853,2.564021082794582,0.9589842632499422,0.26245885099472105,Oahu,Hawaii,Pacific
44.334391866393524,2.9722494434612527,13.045980778682278,13.016820817363811,0.1895058369992074,8.358204810807148,11.390298202794465,3.4809230059328096,2.1843041212013903,1.0273211163641243,Oahu,Hawaii,Pacific
43.72554416349287,2.8634604978390317,11.946156252388102,13.43306789690843,0.21099182615656023,10.840960972520405,10.941433270690196,3.1447829327144454,1.9190208950430003,0.9745812922469687,Oahu,Hawaii,Pacific
44.09710904546868,2.8865378287973837,12.544953332074444,13.214092752870352,0.1897723832081325,9.628451442770512,11.046750306747082,3.286058635551347,2.1074722556271555,0.9988020168849078,Oahu,Hawaii,Pacific
44.77944386891173,2.8698316848751615,12.738024846902032,13.028995570993796,0.19132211232501076,8.931721770120237,11.076543345132201,3.3330325883988716,2.054195311279063,0.9968889010618981,Oahu,Hawaii,Pacific
45.07087629193603,1.7593099274604993,12.793132304886173,11.597218500496421,0.18304958782826003,11.349074445352123,11.806698414922772,3.569466962651071,1.2610082717057916,0.6101652927608667,Oahu,Hawaii,Pacific
45.250651764687106,1.7763266170525445,12.88090558308388,11.681040600147478,0.18270788061111887,10.850818020738116,11.957215742216556,3.390246229117428,1.4109108558303067,0.6191767065154584,Oahu,Hawaii,Pacific
41.83538308255626,3.0400109939682363,11.32454426561015,13.228825271502679,0.19125896981919366,11.948652482914888,12.62309200806678,3.4829265030232106,1.4998729738452554,0.8254334486933621,Oahu,Hawaii,Pacific
42.09852101073,3.224352509585323,12.270733375036308,13.05366681049233,0.19204607423862424,9.157565434747031,13.70602508776708,3.699413851122973,1.6980916037941514,0.8995842424861874,Oahu,Hawaii,Pacific
41.6836838584884,2.8080782877575783,10.530293579090918,13.387063537390349,0.19330973720070285,14.284572159462464,11.720674592379456,3.2455687456328532,1.3735165537944678,0.7732389488028114,Oahu,Hawaii,Pacific
42.25741679091248,3.2896211052992896,12.61021423698061,12.764121800211441,0.18275672807218274,8.548953613154326,13.930123939724155,3.898810198873232,1.5940447948518164,0.9239367919204796,Oahu,Hawaii,Pacific
41.706847160477345,2.9010821946333007,10.805773052484314,13.4729491774876,0.20216600659465508,13.28230663326884,12.059202293371177,3.3256308084820767,1.4555952474815166,0.788447425719155,Oahu,Hawaii,Pacific
44.38914059194436,2.343746623254662,12.702903776254706,12.540710422271918,0.1724835177286981,11.17084429525274,11.759317473385945,3.1351415869510415,1.3392837847169499,0.44642792823898325,Oahu,Hawaii,Pacific
44.16581741830931,2.2868705643148295,12.290669993233884,12.625425531706977,0.1914120736651179,12.290669993233884,11.444427141240732,3.072667498308471,1.198844040323633,0.43319574566316155,Oahu,Hawaii,Pacific
44.236253409819724,2.6015462235157614,13.645658160893015,12.314934374451534,0.17941698093212147,8.492403764120414,13.10740721809665,3.5185663482799376,1.3755301871462644,0.5282833327445798,Oahu,Hawaii,Pacific
44.187221246278824,2.3325822553693203,12.474244235235933,12.558590409590087,0.17240825365773238,11.652769614866736,11.713619586745937,3.2149068476177156,1.2372827615437265,0.4563747890939974,Oahu,Hawaii,Pacific
44.41555902158116,2.3909835604683285,12.978177715931905,12.404898882164531,0.17223186664390508,10.51627515155138,12.066361951346524,3.32306189760005,1.2664107841463605,0.4660391685658607,Oahu,Hawaii,Pacific
44.50858151918437,2.5254528778475014,13.708158220956237,12.15464709695252,0.1717307956936301,8.576437973170115,12.900013300045037,3.616448521077622,1.333439119503481,0.5050905755695003,Oahu,Hawaii,Pacific
44.43122664006918,3.150430068257421,13.54684929350691,13.850981649618843,0.2845549739071219,9.695194468121224,12.500093496634285,2.063023560826634,0.2540669409885017,0.2235789080698815,Oahu,Hawaii,Pacific
45.179267683317484,2.2919224458877108,12.372324707889414,10.959827102238483,0.1622599961690415,12.412889706931676,12.321618459086588,2.5048886908595787,1.3589274679157226,0.436073739704299,Oahu,Hawaii,Pacific
45.35980242620948,2.275068110989107,12.32581345464765,10.827441463053631,0.16178262122589204,12.467373248220305,12.31570204082103,2.5581876981344176,1.2639267283272815,0.4449022083712031,Oahu,Hawaii,Pacific
45.174847801932096,2.2455925239652768,12.168683812298324,10.884368756152746,0.16184450623173166,13.048713314933366,12.128222685740392,2.4782440016733913,1.2745254865748867,0.43495711049777885,Oahu,Hawaii,Pacific
37.96728906208249,2.967793484637176,11.379952947988068,13.493936808144657,0.09210393573011925,13.109460185586974,13.876992983337969,4.666599410326042,1.22805247640159,1.2178187057649101,Oahu,Hawaii,Pacific
47.70307271067843,3.184261231112463,13.852550451272691,12.75732684311936,0.17239630869080216,9.025453807930232,9.096440523273502,2.565662711692526,1.1459284048270966,0.49690700740290034,Oahu,Hawaii,Pacific
37.55394725716763,2.7495949407126,10.712176571995558,15.672274123126575,0.24531702073272268,13.042688268956423,12.102306356147652,5.039220467551345,1.6967760600679984,1.185698933541493,Oahu,Hawaii,Pacific
49.18379755750856,2.304069415063068,16.077958067391847,10.151398380150273,0.15158351414888604,7.801498194862669,8.10466522316044,4.304971801828363,1.2935126540704942,0.6265451918153957,Oahu,Hawaii,Pacific
44.34565990621084,2.3414185476196896,12.71632487069314,12.75188213718872,0.09083089193352244,11.535523275557349,10.879522389370798,3.875451389163624,1.0294167752465877,0.4339698170157183,Oahu,Hawaii,Pacific
39.317841865780736,2.844095898509936,11.93704766005425,12.709701867596468,0.11213281320290071,13.33361087903583,13.08895746841132,4.301822470147646,1.2232670531225531,1.131522024138362,Oahu,Hawaii,Pacific
49.52806251902974,2.7402821475692685,11.976047904191617,12.889475286714704,0.20298386278290878,7.479955343550188,10.65665279610271,3.460874860448594,0.7002943266010352,0.3653709530092357,Oahu,Hawaii,Pacific
42.37374250584289,2.601361650238796,12.397114114419262,13.921349456356058,0.20323137892490598,12.905192561731527,11.177725840869828,2.946854994411136,0.8129255156996239,0.6605019815059444,Oahu,Hawaii,Pacific
39.92613869511694,2.4825605252359453,11.622897004513744,13.448912597455887,0.2051702913418137,13.110381616741892,13.151415675010256,3.887977020927369,1.2105047189167006,0.9540418547394337,Oahu,Hawaii,Pacific
44.30614134348318,2.407159757226623,12.241538936323424,13.054212529575146,0.19545314268079417,12.838185371875321,11.212838185371876,2.602612899907417,0.7612385557041458,0.3806192778520729,Oahu,Hawaii,Pacific
46.96830734739631,3.3017425863650267,13.75726077652094,12.799347803933559,0.16304901661061857,8.774075206358912,9.253031692652604,3.403648221746663,0.9986752267400388,0.5808621216753286,Oahu,Hawaii,Pacific
46.75298195534713,2.9768579875624424,13.497808135385869,12.396778468753187,0.1835049444387807,10.153940258945866,9.33836272810684,3.119584055459272,1.060250790090733,0.5199306759098786,Oahu,Hawaii,Pacific
48.12068264932954,3.017066233238521,12.901259650548557,12.67777326290126,0.17269402681836654,9.376269809020723,9.74197480698903,2.6919951239333604,0.8329947175944737,0.4672897196261683,Oahu,Hawaii,Pacific
48.87072049054676,2.8717424629535007,14.062340316811447,12.202350536535514,0.19417475728155342,7.940725600408789,8.860500766479305,3.188553909044456,1.1854879918242207,0.623403168114461,Oahu,Hawaii,Pacific
46.93546753115185,3.1810353560936075,13.797994124202207,12.876101712085909,0.1722216594063418,9.04670246175666,9.32023097963732,2.9885523249924018,1.094114071522642,0.5875797791510484,Oahu,Hawaii,Pacific
49.43135662063363,2.7112103980503655,14.551177904142973,11.900893582453289,0.16246953696181965,7.483753046303818,9.291226645004063,3.290008123476848,0.7514216084484159,0.4264825345247766,Oahu,Hawaii,Pacific
49.91449305262987,4.540482800836057,10.097951568375214,12.457026179355482,0.1643613683560564,7.344898648411268,8.495428226903663,5.095202419037747,1.0272585522253523,0.8628971838692959,Oahu,Hawaii,Pacific
38.191044631173895,2.6296475886957205,11.140328738156676,13.537594980985308,0.2548108128581124,13.80055362439537,12.954581725706438,4.912752471904408,1.3148237943478602,1.2638616317762377,Oahu,Hawaii,Pacific
40.60524981886923,1.9215435779788677,12.14617809027695,12.559653814708991,0.23260790680796825,13.420464884094512,12.874341972458417,4.176828935290907,1.072019048767158,0.9911119507469951,Oahu,Hawaii,Pacific
39.26726387603365,2.63278432432866,12.459804883741448,13.37323205726359,0.2449101697049916,10.918911732680876,13.327195068113296,4.990044707739203,1.4184380662080764,1.3674151141862034,Oahu,Hawaii,Pacific
39.85507342349803,2.5367876488882954,11.960597187931157,13.046254685696393,0.2445096529048959,13.22389706127312,12.999763212776966,3.9427181530914464,1.2327361667288501,0.9576628072108422,Oahu,Hawaii,Pacific
41.23112433881293,2.448355187783802,12.745849065815676,13.247986140416792,0.21603134009857078,13.219060572698261,12.540104932388466,2.7363969745818966,0.8949869804083646,0.7201044669952359,Oahu,Hawaii,Pacific
44.46608810233319,2.2978571022106036,11.90800613856695,12.681430115997049,0.1940412664088954,13.419485476909927,11.131841072931369,2.6655142385643,0.8885047461881,0.3472317398896023,Oahu,Hawaii,Pacific
39.91200843519794,2.5376404142419853,11.916759385280361,13.101041654697463,0.23346291811026262,13.256633524000131,12.7592560028087,4.070375224444144,1.2688202071209926,0.9440022340980184,Oahu,Hawaii,Pacific
45.62602006195583,2.2044032164765177,14.364506540853958,12.828669086123941,0.19480772610722713,10.376074674763887,10.89897962378855,2.532500439393953,0.543411025457002,0.43062760507913367,Oahu,Hawaii,Pacific
38.167797813664386,3.1866076847372997,11.919138359257785,15.391480575757097,0.2349101818876856,11.541239371003682,11.439104509313383,5.290585835557439,1.5013824668473814,1.327753201973875,Oahu,Hawaii,Pacific
42.820608798232065,2.4515229073035627,12.26774479646535,13.16341172972669,0.21273545889824302,13.128816892005856,10.7076847645449,3.667154101007809,0.8813326154355783,0.6989879363799414,Oahu,Hawaii,Pacific
37.8575291584608,2.8265594546883133,11.357258747538241,13.315441994306065,0.24490045816794045,13.520546128021712,13.306258227124765,5.020459392442779,1.3469525199236725,1.2040939193257072,Oahu,Hawaii,Pacific
39.93587601760093,2.3855950340966494,11.836611956411462,12.829342307285389,0.2436352375247642,12.699486755978334,13.34918072271104,4.436191616596749,1.1674188464728283,1.116661505321836,Oahu,Hawaii,Pacific
41.34294493422739,2.501319344274456,12.364245213974549,13.460451466992273,0.2135272610965999,12.760795841725376,12.018534410294338,3.690971227526941,0.8744449740146472,0.7727653258734093,Oahu,Hawaii,Pacific
42.2465250126435,2.9342094997966766,12.670911611578727,14.09568658207723,0.21321245500252667,11.878979635855057,10.640316802030855,3.6043057869474744,1.106674171203591,0.609178442864362,Oahu,Hawaii,Pacific
41.115865056754835,2.8772971837442185,11.11267074852449,13.93526268411728,0.20334255715506847,13.90863090940668,11.509188734976874,3.466990599493917,1.108216936495123,0.7625345893315066,Oahu,Hawaii,Pacific
46.42234647504673,2.169363711975637,13.240248007363045,12.970831366986758,0.16295689855216053,10.490350344295335,10.368132670381215,2.98414820473644,0.7740452681227625,0.41757705253991134,Oahu,Hawaii,Pacific
38.372026012104094,2.8109502273118343,10.937151793540592,15.385287339318673,0.21465438099472187,12.501062283644995,11.530006750573632,5.264143152965799,1.8092297826697987,1.1754882768758579,Oahu,Hawaii,Pacific
44.948432962851705,2.5633323320316412,11.555021527986382,12.976869930910183,0.20026033843997196,12.105737458696304,11.314709121858415,2.473215179733654,1.4118353860018023,0.45058576148993684,Oahu,Hawaii,Pacific
45.018043303929424,2.365677626303127,11.547714514835604,13.171611868484362,0.3408179631114675,12.22935044105854,11.056535685645548,2.4859663191659984,1.343223736968725,0.4410585404971933,Oahu,Hawaii,Pacific
45.060193015620335,2.447517659934335,11.760023878221073,12.953934931847577,0.28852850462640534,11.401850562133124,11.24266242164959,2.994726892846483,1.412794746791364,0.4377673863297185,Oahu,Hawaii,Pacific
45.75866188769415,2.7080844285145367,13.002787733970534,12.743926722421348,0.2588610115491836,7.875348466746318,12.325766626841899,3.2457188371166867,1.5929908403026685,0.4878534448426923,Oahu,Hawaii,Pacific
46.18788976061155,2.4140012070006036,12.210822772078053,12.8042647354657,0.2212834439750553,10.470730235365117,11.466505733252868,2.3938845302755984,1.4182257091128545,0.4123918728626031,Oahu,Hawaii,Pacific
45.34510433386838,2.347512038523274,12.08868378812199,12.891252006420546,0.2909309791332263,11.67736757624398,11.165730337078651,2.548154093097913,1.2339486356340288,0.4113162118780096,Oahu,Hawaii,Pacific
44.984621490227205,2.4407183252306774,11.89602143069749,13.275126500644904,0.2877269570393888,12.173826768528622,11.15189999007838,2.3712669907728943,1.0318483976584978,0.38694314912193667,Oahu,Hawaii,Pacific
44.58895949166005,2.353057982525814,12.261715647339159,12.946783161239079,0.18864177918983321,11.854646544876886,11.348292295472596,3.0976965845909454,0.9531374106433677,0.4070691024622717,Oahu,Hawaii,Pacific
48.59360822663575,2.4296804113317876,13.509426353463052,11.694727291057566,0.16130658332493195,7.147897973586047,12.19881036394798,3.1152333904627483,0.8166145780824681,0.33269482810767215,Oahu,Hawaii,Pacific
47.850789184368544,3.126497579527079,13.848846655544536,12.909103489632587,0.13326055257000666,7.585600684754225,9.676766278929714,3.095745144318616,1.2505990318108315,0.5227913985438722,Oahu,Hawaii,Pacific
46.58778315974474,3.0226778536041654,14.47436676876894,12.606065816599044,0.1622914283814317,8.44929749010829,9.301327489110804,3.6819867814037317,1.1258967843961827,0.5883064278826899,Oahu,Hawaii,Pacific
45.21008567356596,2.147101058744604,13.366460112184718,12.825680957636909,0.1814451598939102,10.906870166956159,10.997592746903113,3.0240859982318367,0.8064229328618232,0.5342551930209579,Oahu,Hawaii,Pacific
39.89306359180279,2.521685435638609,11.105502658552435,13.61714371676381,0.20173483485108876,13.717968769874034,13.18337145751865,3.7220077030025873,1.0288476577405525,1.0086741742554437,Oahu,Hawaii,Pacific
46.86192468619246,1.3150029886431558,16.039051603905158,10.599721059972104,0.18928073321378755,9.673241681609882,11.795178322374971,2.7196652719665266,0.537955768081291,0.2689778840406455,Niihau,Hawaii,Pacific
46.76666335551803,1.410549319558955,15.138571570477799,11.75126651435383,0.1788020264229661,10.569186450779776,10.78772226085229,2.6025628290453957,0.5264726333565114,0.2682030396344492,Niihau,Hawaii,Pacific
47.88883941512545,1.5747136903185581,16.12306324835447,11.319392870598644,0.18946687796511924,7.247108082165811,11.861228042768735,3.1424100888606303,0.3638967021234829,0.28988098171911914,Niihau,Hawaii,Pacific
47.847129158363245,1.5631487949339302,15.956116291826683,11.738614191380202,0.18153412444364178,7.121075984085216,11.860266496316358,3.0708596901754674,0.3605129949936466,0.3007422734816025,Niihau,Hawaii,Pacific
47.810302067607054,1.5548945172740627,16.013690764092832,11.480818677404159,0.18970434267695666,7.277044562591765,11.861429291011568,3.1568645578100947,0.3615800829270398,0.29367113660445454,Niihau,Hawaii,Pacific
47.77636188330659,1.6004178507965556,16.089287626683053,11.43177021803759,0.20769289831858695,7.207576477038788,11.828335407208813,3.193673877513157,0.36491991998077294,0.29996384111609853,Niihau,Hawaii,Pacific
46.80755541301535,1.38844047318909,16.53205008308055,11.918079026188353,0.16131480987093527,8.212102867552588,11.588405760263193,2.9210460090203076,0.3049439429121664,0.16606161490747842,Niihau,Hawaii,Pacific
47.596749474859756,1.481731289710993,16.492204980370687,11.274867060536067,0.17153210865619067,7.559499888237936,11.777151673565237,3.0226919011306292,0.34389608980828984,0.27967553312420607,Niihau,Hawaii,Pacific
47.57948505881159,1.4816137138525391,16.372089891232463,11.309367993993547,0.18001381606038275,7.598908216205598,11.81990717787591,3.0193984054942833,0.3471933137534968,0.2920224127201764,Niihau,Hawaii,Pacific
45.63340694639631,2.168239309375628,15.970688616743628,12.206384260188718,0.1806866091146356,7.046777755470789,12.878939971893196,2.7604898614736,0.772937161212608,0.38144950813089745,Niihau,Hawaii,Pacific
46.18774542218413,1.402069802047094,16.84262835915056,11.755277851295046,0.17950651300802545,8.00691000127134,12.181056105980007,2.965455590728349,0.3252306198931597,0.15411973444230245,Niihau,Hawaii,Pacific
46.29271096878653,1.317349558738768,16.928058586527968,11.740223270567911,0.18430884558196214,7.85358338511634,12.18740156469037,3.0126573474220892,0.325084108632801,0.1586223639352458,Niihau,Hawaii,Pacific
46.33556585712086,1.3311229533048077,16.97660436944643,11.670426943327142,0.19180158126418245,7.781899624838115,12.224686894740705,2.9815822198602184,0.327661034659645,0.17864852143790572,Niihau,Hawaii,Pacific
46.33802165919455,1.3440427370550192,16.945617411185108,11.596477490078987,0.17937255646606334,7.8675806713472785,12.236879231210885,2.9837581904429333,0.32954492932137275,0.17870512369781819,Niihau,Hawaii,Pacific
46.36490109875794,1.3686791405789152,16.958491572353225,11.781316836770944,0.16800138578762994,7.747146674510051,12.151503430873777,2.982712584459277,0.31969002600440655,0.15755724990385186,Niihau,Hawaii,Pacific
46.30324238686381,1.3564949958385535,16.962028654287835,11.7496699301208,0.2016050633578959,7.669387055519677,12.250845431166962,3.0055509817983057,0.3329487594362608,0.16822674160990017,Niihau,Hawaii,Pacific
46.241979322342004,1.6066817122288277,16.62597508282602,12.075741610585279,0.19684898043414653,7.851469346573259,11.797080924966423,3.017015332014436,0.3915274462409442,0.19568024178865084,Niihau,Hawaii,Pacific
46.25112917795843,1.3951620997691454,15.296597410418544,11.944193516009232,0.18066847335140013,10.910368362942885,10.900331225534474,2.50928435210278,0.43159690856167815,0.18066847335140013,Niihau,Hawaii,Pacific
46.39541335460049,1.5019648667424519,16.61568405292419,12.060672987151062,0.1884740305013246,7.948251224893897,11.777462451918947,2.9534812959920576,0.36795725036036087,0.19063848491520943,Niihau,Hawaii,Pacific
46.40590404132012,1.5151086162998433,16.68860526068042,12.043432713480092,0.17668263446814073,7.942344634585593,11.735088500891864,2.9501797990920346,0.3607687315357392,0.18188506764613804,Niihau,Hawaii,Pacific
46.390607848109376,1.532292855263739,16.7578906457221,11.882352774514155,0.19282823945400768,7.930265508819486,11.788688582143305,2.983921174748971,0.35532394685907065,0.18582842436578956,Niihau,Hawaii,Pacific
46.02169981916818,1.3160538476994175,15.19991963029938,12.336749045609805,0.19087803897930483,11.141249748844686,10.709262607996786,2.5316455696202533,0.38175607795860966,0.17078561382358853,Niihau,Hawaii,Pacific
46.43695645511725,1.4704144025389276,16.605394424882704,11.663416989146915,0.17571740661007892,7.281506449405925,12.490661903391647,3.1205262208976756,0.4640690738558369,0.291336674153064,Niihau,Hawaii,Pacific
46.9248115422266,1.4327553358686196,16.747671938522586,11.412591553049358,0.1606332134724138,7.586783006267201,12.157677429589759,3.0085538845608077,0.3773552969382952,0.19116679950436063,Niihau,Hawaii,Pacific
46.96902884156368,1.340300200034653,16.58218847273803,11.388250094935431,0.17636581972392099,8.314482965042554,11.849722316368469,2.898181601373633,0.3198193565838771,0.16166033163576649,Niihau,Hawaii,Pacific
47.21959812555767,1.4070297248131394,16.73778070301238,11.655703137192095,0.15622571971142696,7.736816728763218,11.580834581419845,3.010880564023096,0.32509590661994425,0.17003480888719708,Niihau,Hawaii,Pacific
47.40049116347867,1.357130512023859,16.71141533057071,11.366696543768615,0.1818751833824363,7.811790335092467,11.670960662708959,3.0064671197803836,0.3199395491103189,0.17323360008360233,Niihau,Hawaii,Pacific
47.12260017810855,1.357888820963512,16.731385806283274,11.672712997430192,0.1829610010671399,7.8196736373482265,11.584016686043295,3.0512724341012256,0.3100393485474686,0.16744909010709977,Niihau,Hawaii,Pacific
47.42215403730487,1.4496725609217584,16.6106721986282,11.885155028980597,0.1767852842201439,7.299545799725382,11.699563710865995,2.9442060492302176,0.3293124373348923,0.18293289278794997,Niihau,Hawaii,Pacific
47.1411402175854,1.4170953134918423,16.79845287551632,11.746655125871637,0.17711614540770293,7.592226462099188,11.583827900262337,3.0385554101464196,0.3216668456935398,0.18326370392560665,Niihau,Hawaii,Pacific
47.05641397590443,1.3588453377443226,16.71616622896136,11.869743916271082,0.1890878967126273,7.673555072397277,11.639852841846784,3.016449552294597,0.3077156719133914,0.17216950595412905,Niihau,Hawaii,Pacific
47.51499153145012,1.5255806586172644,16.80219366820264,11.284296620399239,0.1761834240594073,7.018442880830548,11.87342043170639,3.138246266841036,0.376025765063935,0.2906187528294217,Niihau,Hawaii,Pacific
46.85657953447758,1.6222669234237568,16.84388815414528,11.593742914300178,0.18547845951434566,7.030596161750953,12.021280807440581,3.133715489267656,0.4292118864573859,0.2832396692222689,Niihau,Hawaii,Pacific
46.90934811595637,1.5734491373234283,16.685526559286515,11.533072219432288,0.18997373613098026,7.317313381425032,11.939016097691118,3.134400002532986,0.4349398695630338,0.28296088065824954,Niihau,Hawaii,Pacific
47.27058857096432,1.5210978210379955,16.618555228224878,11.544721682301411,0.18778485804486625,7.086156724878288,11.955298704901663,3.147217561607548,0.38487801724281856,0.28370083079623115,Niihau,Hawaii,Pacific
47.47893195096013,1.5735426974952778,16.54144526728161,11.483617447077005,0.1793579807955844,7.048188715525389,11.865362502734714,3.174653069639556,0.3718274166071534,0.2830729518835651,Niihau,Hawaii,Pacific
47.81882583802328,1.5119876502202745,16.610103136135205,11.362675847397648,0.2057222002765059,7.004296894007831,11.743695123326026,3.0882508948462353,0.37396709472399114,0.28047532104299333,Niihau,Hawaii,Pacific
47.692358033470356,1.5413144089852342,16.575564510143344,11.467977771552661,0.17158969472198077,7.062631834756729,11.799385309847093,3.0451185126126403,0.36412929403211036,0.2799306298778361,Niihau,Hawaii,Pacific
43.1588429586628,2.232008807927135,12.231007907116407,12.731458312481237,0.1901711540386348,13.281953758382548,12.040836753077771,2.6523871484335904,1.02091882694425,0.46041437293564214,Niihau,Hawaii,Pacific
47.5393249076976,1.5187977805560717,16.783962861702356,11.386713776019954,0.17011338827526945,7.010094789657975,11.81635054207731,3.133535493672901,0.3666814176405913,0.27442504269996704,Niihau,Hawaii,Pacific
44.156027935870895,2.245393965445805,15.585675760153233,9.635593082918598,0.16256245903680036,12.801793649148028,11.572415052682224,2.6518001130378055,0.7010506045962014,0.4876873771104011,Niihau,Hawaii,Pacific
46.914572864321606,1.4271356783919598,16.47236180904523,12.241206030150753,0.17085427135678394,7.839195979899498,11.608040201005025,2.8442211055276383,0.32160804020100503,0.16080402010050251,Niihau,Hawaii,Pacific
46.61000000000001,1.3100000000000003,17.050000000000004,11.800000000000002,0.17000000000000004,7.420000000000002,12.250000000000002,2.9100000000000006,0.32000000000000006,0.16000000000000003,Niihau,Hawaii,Pacific
47.12885154061625,1.400560224089636,16.73669467787115,11.444577831132454,0.21008403361344538,7.352941176470589,12.12484993997599,3.0412164865946383,0.3701480592236895,0.1900760304121649,Niihau,Hawaii,Pacific
47.00880352140857,1.4305722288915568,17.286914765906364,9.943977591036415,0.15006002400960386,7.523009203681473,13.075230092036815,2.8611444577831135,0.42016806722689076,0.3001200480192077,Niihau,Hawaii,Pacific
46.08630897607034,1.3719187898058427,15.58906239675676,11.587455768067919,0.1930848667134149,10.345283911276649,11.259896437813879,2.886110639295254,0.37600737202086054,0.3048708421790761,Niihau,Hawaii,Pacific
45.85976111390087,1.1649817822174948,15.11437233972611,11.441123998736145,0.19247525097506438,12.358937167872554,11.001480134679994,2.370484669903424,0.31403856738036817,0.18234497460795573,Niihau,Hawaii,Pacific
46.02746640951928,1.4200291447604874,15.249878206775671,12.112544018845476,0.1852211927948462,10.516447724240713,11.401393423149422,2.603386765394227,0.29841192172502995,0.1852211927948462,Niihau,Hawaii,Pacific
45.561266924349994,1.192009890462645,15.322930557742037,11.424495831775737,0.18338613699425307,11.50238603702843,11.553326630637944,2.65909898641667,0.3463960365447003,0.25470296804757375,Niihau,Hawaii,Pacific
45.58836738075405,1.2666250105788521,15.736549131431657,11.559175261342233,0.18239400152335472,11.571886096648393,11.186832093432422,2.3305900194650877,0.3141230026235553,0.2634580022004012,Niihau,Hawaii,Pacific
45.8686132947186,1.371319280739004,15.366842528281191,11.66082192239402,0.18149814009780935,11.424299596156555,10.920138095884862,2.6216398014128015,0.3327465901793171,0.2520807501358463,Niihau,Hawaii,Pacific
45.90945161368219,1.3404219449250274,15.557018330493499,11.410295094500455,0.1726300989676172,10.875696234959882,11.261575279711025,2.8027004302977843,0.3960337564551218,0.274177216007392,Niihau,Hawaii,Pacific
45.88381772442478,1.4930528152302451,16.413560478839877,11.378798000696063,0.18036879647076787,10.010468204127616,11.172844892494787,2.805736833989722,0.39079905901999706,0.2705531947061518,Niihau,Hawaii,Pacific
46.00498815506087,1.2996333003416005,15.483912367351099,11.57416865097657,0.18276093286053754,11.23979737092306,11.097649978698197,2.5281929045707696,0.34521509540323764,0.2436812438140501,Niihau,Hawaii,Pacific
46.040737994212776,1.3040970266119132,15.618599545281741,11.545543866838814,0.1833886443673003,10.35127014873206,11.41084898285424,2.85271224571356,0.39734206279581735,0.2954594825917616,Niihau,Hawaii,Pacific
44.958424953688684,1.401799252705861,14.673510163216028,12.170721641616245,0.19161284749216803,12.0816942787167,11.284988228617685,2.5313065642386405,0.473989675375363,0.2319523943326245,Niihau,Hawaii,Pacific
44.998823123239056,1.4945749152242773,14.976044589713537,12.345200917927519,0.19187110398149507,11.290099697437446,11.502167759732785,2.5650137058578815,0.41403764543375243,0.22216654145225745,Niihau,Hawaii,Pacific
46.75220240262984,1.9450689941167405,14.421729173995107,12.875018372335628,0.19148347610475683,9.654798426755635,10.793621205694452,2.6807686654665956,0.42327926296840984,0.26203001993282515,Niihau,Hawaii,Pacific
46.05084409237181,1.111363064976064,15.37722349903245,11.737566039719146,0.18185941063244684,11.881481494653192,10.739808527905055,2.495515245900798,0.2525825147672872,0.17175611004175534,Niihau,Hawaii,Pacific
46.091487083086676,1.164839324975611,15.223244971232985,11.793546288053719,0.18075092973759482,11.708643559668642,10.704471727793116,2.671097072788901,0.28116811292514754,0.18075092973759482,Niihau,Hawaii,Pacific
47.09416756477724,1.6640340178273778,16.269441029721893,11.455346509221515,0.18043742361983614,7.989368145833856,11.507897906420661,3.0173146949761485,0.501215065610656,0.3207776419908198,Niihau,Hawaii,Pacific
45.332127424379465,2.7434428700633102,14.37041503366496,11.486282785649685,0.18088634308109738,8.109737714802534,11.606873681037083,3.8488594111144616,1.5676816400361775,0.7536930961712391,Niihau,Hawaii,Pacific
45.29388002423753,2.7873156937992323,14.512219753585134,11.714805089880832,0.1817814582912543,7.513633609371845,11.583518481114927,4.009291052312665,1.636033124621289,0.767521712785296,Niihau,Hawaii,Pacific
47.18955106120901,1.6817445640678415,14.883942908336945,11.532179668646773,0.15105490096417737,9.999834443828542,11.057218750577784,2.9002540985122054,0.40281306923780635,0.20140653461890318,Niihau,Hawaii,Pacific
46.73018822215067,1.4211930279787117,16.409790781966464,12.194263305456683,0.1730191559067772,8.197404011908796,11.56425334142201,2.832208458551149,0.3161729030311891,0.16150679162754128,Niihau,Hawaii,Pacific
46.95579174529643,1.396109596513528,16.67591039052697,11.404413168045927,0.20912575633676775,7.6918247110900335,12.082618460439114,3.024765705236336,0.372406628837993,0.18703383767688644,Niihau,Hawaii,Pacific
47.06723185110799,1.4025733558830824,16.30251546504314,11.848492051667293,0.16068404453386484,8.237673174931578,11.633761391927765,2.880302442674994,0.3094487177008357,0.15731750452947504,Niihau,Hawaii,Pacific
46.42061532903847,2.7976799727055606,14.28944146747747,11.740622554036966,0.1675798261986473,10.18524093363036,10.67694222008148,2.4484717121239488,0.8629859313223752,0.41042005338471105,Niihau,Hawaii,Pacific
46.63051742766818,2.8312457481291777,14.296290367761818,12.135339549401742,0.17707791428228425,9.494177438072754,10.584657249189647,2.5511224938973154,0.8803873704429952,0.4191844411541079,Niihau,Hawaii,Pacific
47.75748765936828,3.499793060981396,14.001191161180257,12.6081382554536,0.1504093354733856,8.34822284808657,9.48891109697869,2.907240846733896,0.7873777293237637,0.4512280064201569,Niihau,Hawaii,Pacific
45.16619375760032,2.7665180381029586,14.29874341305229,11.745034454803402,0.18240778273206323,7.96513984596676,11.6335630320227,3.8913660316173484,1.6011349817592218,0.7498986623429266,Niihau,Hawaii,Pacific
42.877334679454826,2.668349318525997,13.427561837455833,12.963149924280668,0.19787985865724386,10.984351337708231,10.691569914184756,3.8061585058051497,1.6153457849570927,0.7682988389702172,Niihau,Hawaii,Pacific
42.563482466747274,2.6702942361950823,13.240628778718259,12.746876259572751,0.2015316404675534,11.53768641676743,10.85247883917775,3.839177750906892,1.582023377670294,0.7658202337767029,Niihau,Hawaii,Pacific
43.355582524271846,2.6294498381877025,13.400080906148867,12.014563106796118,0.20226537216828483,11.336974110032363,11.013349514563107,3.7419093851132694,1.5068770226537218,0.798948220064725,Niihau,Hawaii,Pacific
43.01444590362663,2.5861198100818266,13.05182341650672,12.617436104657036,0.19193857965451058,12.172946762299224,11.132437619961612,3.202343671077887,1.3536720880897062,0.6768360440448531,Niihau,Hawaii,Pacific
43.5766496445379,2.653449484329628,12.946830880144185,11.27465705417042,0.21027335536197056,11.755281866426353,11.494943426454391,3.5446079903875036,1.6321217582857712,0.9111845399018724,Niihau,Hawaii,Pacific
42.93904646952324,2.5849929591631464,12.814323073828204,12.049889358278014,0.2112251056125528,11.989539328103,11.416214041440355,3.4801850734258704,1.6093341380004025,0.9052504526252265,Niihau,Hawaii,Pacific
43.18662503776815,2.6488065263369927,12.841172323496828,11.703091952865343,0.21150166179877125,11.985094168597039,11.471447275657166,3.4142411118944507,1.6416557558666531,0.896364185718602,Niihau,Hawaii,Pacific
45.28056127703712,1.0238049449251734,15.377347539123642,12.33796867610992,0.1824602872143873,11.809235255820068,11.251717711553885,2.301026955425885,0.273690430821581,0.16218692196834428,Niihau,Hawaii,Pacific
47.94255052317858,2.101311788888253,13.158700037212846,12.020319518635043,0.1632086826320973,9.670114445951766,11.01658607766657,2.866352488726209,0.7140379865154257,0.3468184505932068,Kauai,Hawaii,Pacific
45.72764367719381,2.3171406885752917,11.893288490032472,12.451042744493721,0.17429819338840694,12.918571980552512,11.07306169761644,2.25562367914409,0.8202267924160326,0.3691020565872146,Kauai,Hawaii,Pacific
45.926278397268206,2.134929443010264,11.484099136571801,11.081706420975346,0.16189038430409589,12.242960312997251,12.141778822807192,2.7217820861126123,1.6290219920599651,0.4755530038932816,Kauai,Hawaii,Pacific
45.781815087753294,2.2194797971145275,11.37987823247812,11.230896659951261,0.16141671251742015,11.914571092692077,12.378644141179658,2.744084112796143,1.694875481432912,0.4943386820845992,Kauai,Hawaii,Pacific
46.620964922321676,2.1406047700915103,13.004425222997249,12.064358036146874,0.17084639010120037,11.436658349127413,10.86382045290574,2.4420983996818637,0.934630251730096,0.3215932048963771,Kauai,Hawaii,Pacific
46.20936679715158,1.930470468658487,12.060360243671706,11.838461807633212,0.040641483550704995,13.492972538834058,11.145926863780845,2.2454419661764513,0.7823485583510712,0.2540092721919062,Kauai,Hawaii,Pacific
46.196806896133076,1.3031425160363426,14.710941136000327,11.857787490641254,0.2023513223658917,11.756611829458308,10.846030878811796,2.1550415831967467,0.7092413848924504,0.26204496246382974,Kauai,Hawaii,Pacific
46.49820225857091,1.368309110244594,15.43525598825138,11.779004405732515,0.20256241454398136,9.763508381019902,11.343495214462953,2.582670785435762,0.7271990682128929,0.29979237352509236,Kauai,Hawaii,Pacific
42.92841869463394,2.321555849709805,11.129212911108848,13.247123510844109,0.2036452499745443,14.132980348233376,11.55686793605539,2.9834029121270746,0.9571326748803584,0.5396599124325425,Kauai,Hawaii,Pacific
42.8950321330205,2.3462205447312043,10.68040395797205,13.271447516066509,0.21422013669284914,14.78118943180659,11.843313271447515,2.6114454758747323,0.8466795878812609,0.5100479445067837,Kauai,Hawaii,Pacific
43.32045546970314,2.480683204554697,11.152907686051243,13.094753965026436,0.1830012200081334,14.019926799511998,11.87474583163888,2.7551850345668973,0.6811712078080522,0.43716958113054094,Kauai,Hawaii,Pacific
44.144939000273816,2.375084933118339,10.993134361657894,12.514324540854096,0.1926840893648524,14.441165434502622,10.841015343738274,2.5454582331883127,1.5232184327684648,0.4289756305333293,Kauai,Hawaii,Pacific
44.41982272361,2.7699435938759067,12.389202256244966,13.124496373892022,0.19137792103142628,11.885576148267528,11.381950040290091,2.6188557614826755,0.7554391619661563,0.4633360193392427,Kauai,Hawaii,Pacific
45.70053508513641,2.5180477007584603,13.16898333824082,11.940419742306247,0.19291494481617236,8.955314806729685,12.752693194163815,3.27955406187493,1.0356486511183989,0.4558884748550599,Kauai,Hawaii,Pacific
45.63556566970092,2.306160598179454,13.156290637191159,11.175227568270483,0.19302665799739924,8.818270481144344,13.664255526657998,3.444001950585176,1.109395318595579,0.49780559167750327,Kauai,Hawaii,Pacific
44.86990172615713,2.246550231681857,12.006721319822798,12.210397678089514,0.20367635826671415,12.495544579662912,11.31422170171597,3.238454096440755,1.0163450277509036,0.39818728041142615,Kauai,Hawaii,Pacific
44.581060174252904,2.233124338408924,11.766142822245744,12.397198925168958,0.20356648481394019,13.54734956436772,11.40990147382135,2.5445810601742522,0.9038351925738943,0.41323996417229863,Kauai,Hawaii,Pacific
41.407762045431404,3.3941122542528275,10.960578588163393,13.232148314148928,0.22410104920036678,13.344198838749112,12.407048996638487,3.2698380360598964,1.1398594275236837,0.6203524498319244,Kauai,Hawaii,Pacific
43.255206739693605,2.819084919323582,11.382412337066272,13.095893764151517,0.20398588417681493,11.7393876343757,11.943373518552516,4.304102156130794,0.6894722885176344,0.5670807580115456,Kauai,Hawaii,Pacific
44.94960715800529,2.549938397527822,12.007432691725072,12.259901839995152,0.2019753186160651,12.310395669649168,11.108642523883582,3.282098927511058,0.9381753549716225,0.3918321181151663,Kauai,Hawaii,Pacific
46.390365507542185,2.0171710863682293,11.875568011616632,11.535395691489093,0.1929335546992014,13.33272406947639,11.159682979706439,2.3456658492376588,0.8027051315248352,0.34778811833934986,Kauai,Hawaii,Pacific
44.906922599863776,2.7470795758395274,12.240872721357478,12.291706910399661,0.19316991836029243,11.295356805172888,12.108703829847805,2.450207911833183,1.2149371181081552,0.5510426092172553,Kauai,Hawaii,Pacific
43.00615246709856,2.393757894307949,10.889051868149776,13.180947724402067,0.1935378723057491,14.932974778959377,12.233630770484455,2.0168683535020167,0.6091349875728314,0.5439432832172105,Kauai,Hawaii,Pacific
44.82423062887726,2.1408587763045857,11.819324494181565,12.356566516644364,0.20273283866520697,13.258727648704536,11.413858816851151,2.6862101123139923,0.902161132060171,0.3953290353971536,Kauai,Hawaii,Pacific
42.845947953877,2.3611068706174496,11.082954233200013,12.80289846222738,0.2035436957428836,13.749376647431788,11.744471244364384,3.5213059363518866,1.152057317904721,0.5363376382824983,Kauai,Hawaii,Pacific
39.69051753023242,3.3121122584706613,10.884685288413701,13.04740727202575,0.213226111060343,13.565242113172296,13.037253647689543,3.8380699990861737,1.6936245392792957,0.7178612405698214,Kauai,Hawaii,Pacific
40.44501813264491,3.6306267543590067,9.773188272174073,14.086094207798064,0.2048886430225173,13.707050218206406,12.313807445653287,3.4113959063249126,1.7149179420984695,0.7130124777183601,Kauai,Hawaii,Pacific
46.19271756627341,2.039651975467123,12.684149397884955,12.113617376775272,0.2037614361106017,11.247631273305213,11.787599078998308,2.5062656641604013,0.718259062289871,0.5063471687348452,Kauai,Hawaii,Pacific
39.821654491286786,3.6179243357956166,9.774313349385789,13.957474594947557,0.2142594784312125,13.416724482716402,12.814757376647758,3.9076847732930666,1.7446843243684447,0.7305227931273721,Kauai,Hawaii,Pacific
45.46428243550642,2.776616037456775,13.464853671722787,12.006161190619487,0.19381228769904016,8.35432966450073,13.199636856976735,2.8765823753225956,1.1730743729152429,0.49065110728020156,Kauai,Hawaii,Pacific
45.49377138390002,2.374691614973045,11.787161030285185,12.426774419525469,0.19289927612008487,12.599368508685544,11.02571651928485,2.822420987441242,0.904596079068398,0.3726001807161639,Kauai,Hawaii,Pacific
44.90439381611067,2.601708706265257,12.286411716842965,12.906834825061027,0.19324654190398702,13.293327908869001,10.699755899104964,1.739218877135883,1.00386493083808,0.3712367778681856,Kauai,Hawaii,Pacific
41.769795651195615,3.3812670034978627,11.076564321803342,13.10164256346268,0.2045533577433674,13.408472600077728,12.692535847975945,2.6080553112279334,1.2140241782068855,0.5430891648086403,Kauai,Hawaii,Pacific
44.34357896447031,2.589331952356292,11.596145449376023,12.49987307196312,0.1929306160579198,12.570952772616039,11.494603019871855,3.1275068287283845,1.135244361856602,0.4498329627034657,Kauai,Hawaii,Pacific
43.51935605175165,2.3304503369142116,11.58619007449717,13.212322014777476,0.20326649253503806,14.442084294614455,11.199983738680597,2.286748041019178,0.8435559440204079,0.3760430111898204,Kauai,Hawaii,Pacific
45.45269251151604,2.357221474868534,11.689291101055806,12.453630100688924,0.20382373323549796,12.698218580571522,10.935143288084465,2.9044881986058457,0.9161876808935632,0.38930333047980104,Kauai,Hawaii,Pacific
40.416117395791815,3.6819031852601243,10.106584097203061,14.204400298394596,0.2350368394698386,12.691989331371284,12.681770338350857,3.505114606006724,1.6830681504644531,0.7940157576872374,Kauai,Hawaii,Pacific
38.68677181742129,3.543226754269624,9.477851006957906,14.191270991042462,0.23465077842845192,14.487135016017467,13.579138525576937,3.376930767818156,1.4844212287539025,0.9386031137138077,Kauai,Hawaii,Pacific
46.17568047037357,2.391403517664352,13.563789345633333,11.44508084545593,0.18247250240762333,8.201125247098181,13.48269045567439,2.879010593542501,1.1516042374170006,0.5271427847331341,Kauai,Hawaii,Pacific
44.264795607077495,2.2859467154769173,11.185682326621924,12.294081757169007,0.19320724018710597,13.422818791946309,12.029692902176127,2.8981086028065897,0.9772218832621518,0.44844417327638814,Kauai,Hawaii,Pacific
41.58927149884673,2.934212406360352,11.063256516503031,13.30856687963095,0.21432508011675613,12.634973770692575,12.941152456573658,3.521054887632422,1.0869343348778346,0.7062521687656916,Kauai,Hawaii,Pacific
45.27571031657507,2.190269524833195,12.107323206716826,12.137743616783956,0.1926625970918088,11.92480074631406,12.0769027966497,2.8595185463100043,0.8416313451905333,0.39343730353485173,Kauai,Hawaii,Pacific
44.48955341216207,2.8677207671930725,13.771540407424357,12.191863713631564,0.1822703877453224,7.4224552342956285,14.551252621668237,2.6732990202647287,1.357914388702652,0.49213004691237044,Kauai,Hawaii,Pacific
40.05068931334376,3.397001563601803,10.096984190248442,14.36878519381509,0.22483163176666565,14.971742751734782,12.805183391074184,2.268755556918172,1.0904334140683285,0.7255929934287846,Kauai,Hawaii,Pacific
39.0670434951179,2.9384456846680473,9.590760220791545,13.814775892501864,0.21426166450704515,14.375937394782218,13.304629072246993,4.152595116874637,1.658997459468835,0.8825539990409239,Kauai,Hawaii,Pacific
40.60112073357108,3.247070809984718,10.67753438614366,14.049923586347429,0.2241467142129394,14.457463066734594,13.469179826795724,1.8950585838003062,0.7356087620988285,0.642893530310749,Kauai,Hawaii,Pacific
39.952684926478085,3.56800522097363,9.401831419656151,13.633675279913525,0.21414149654314438,14.408663553117288,12.797503721983155,3.558827728264638,1.5397793322864193,0.9248873207839619,Kauai,Hawaii,Pacific
39.00774059852502,2.978403526949879,9.757014282521688,13.91682411978627,0.2234818471790496,14.292679953678308,14.028565043375792,3.6061843522073906,1.3053371528412667,0.8837691229353325,Kauai,Hawaii,Pacific
41.364244224624585,3.314652048305923,10.84127032738186,13.219816453822514,0.2041670494798844,14.261068406169928,12.852315764758723,2.450004593758613,0.8330015618779283,0.6594595698200266,Kauai,Hawaii,Pacific
38.338593097831605,3.917336862465641,10.546676168176726,14.211544334724625,0.23414435508500456,13.315687671790693,12.898299908378293,3.939733279038989,1.646136618141097,0.951847704367301,Kauai,Hawaii,Pacific
42.18749999999999,2.91360294117647,11.019199346405225,13.000408496732025,0.20424836601307186,13.3578431372549,12.091503267973854,3.4007352941176467,1.3347630718954246,0.4901960784313725,Kauai,Hawaii,Pacific
39.461452810721916,3.802110467551306,10.102867416464917,13.780352016998151,0.2043047000296242,14.709938402132941,13.024424626888543,2.9113419754221446,1.165558313669006,0.8376492701214591,Kauai,Hawaii,Pacific
43.1923069103625,2.3695285339622254,11.05983288267225,12.78793177058979,0.2033057515197105,14.058592717587977,11.913717039055035,2.856445808851932,1.0246609876593407,0.53367759773924,Kauai,Hawaii,Pacific
43.135058056630676,2.3711550213892845,10.969647586066406,12.945610103890811,0.2037074760643716,14.269708698309227,11.916887349765735,2.6787533102464858,0.9859441841515583,0.5235282134854349,Kauai,Hawaii,Pacific
44.7724876307892,2.459647984426961,11.821721145267256,12.359072106415768,0.19263525022305136,12.440181685457054,11.710195474085491,2.7374482926433616,1.1081596236515534,0.3984508070403115,Kauai,Hawaii,Pacific
44.72362828536938,2.2529696391799634,11.148192856635658,12.213306823830147,0.19273490834947907,13.491443584463536,11.685821811505258,2.931599395421024,0.9433866566579766,0.4169160385875574,Kauai,Hawaii,Pacific
43.80712259691145,2.6808861055478177,11.355896017811576,12.087878572227364,0.19316206297083255,12.006547177292274,12.352205605766397,3.548082104043187,1.376533859276354,0.5916858981527606,Kauai,Hawaii,Pacific
44.71429151606222,2.26617390244893,11.452706818827924,12.498477033667708,0.21321528652073263,13.422409941924219,11.54408479876538,2.700726962595947,0.8213865085489177,0.36652723063802134,Kauai,Hawaii,Pacific
46.42001380822807,2.136214108760102,12.904601388945295,11.84867806522357,0.19290906875685332,10.823214068147664,10.995816919140639,3.3099134955123253,0.9503309913495511,0.41830808593591345,Kauai,Hawaii,Pacific
45.721353189850056,2.4249551403574574,11.891606938291378,12.41877109923865,0.19261767419227296,12.337668920631378,11.07044737989274,2.6459585770622756,0.9184821727273647,0.3781389077564095,Kauai,Hawaii,Pacific
46.656787918155246,1.935490418967197,12.534507957128938,11.56016563819422,0.18268918480025984,11.78345241961676,11.55001623903865,2.7200389736927577,0.7571451770055213,0.3197060734004547,Kauai,Hawaii,Pacific
38.49491124018742,2.8184685742285196,10.391890650360857,13.587039740304816,0.24499545737589448,14.475148273292431,14.475148273292431,3.419728259205194,1.0504180234991476,1.0422515082532844,Kauai,Hawaii,Pacific
39.526779163609696,2.9978804923779254,9.904622157006605,13.919458710361136,0.21398875030569825,14.000978234287114,14.14363740115758,3.1894513736039785,1.1973180076628354,0.905885709627456,Kauai,Hawaii,Pacific
44.88727243090152,2.6681744552095115,12.153998186578644,12.918080218425581,0.19356744806789122,12.40869219719429,10.707336206281772,2.699756512525851,0.9056919017492384,0.45743044306570085,Kauai,Hawaii,Pacific
44.62727752302885,2.6894046991031937,12.777462159639654,12.599926956945176,0.1927525057825752,11.357180538083837,11.007182567057582,3.3478066793815686,0.9206468368299313,0.4803595341476281,Kauai,Hawaii,Pacific
42.790414297319245,2.589358245329,10.753452477660437,13.4646628757108,0.20308692120227456,14.652721364744107,11.383021933387488,2.8330625507717295,0.670186839967506,0.6600324939073923,Kauai,Hawaii,Pacific
43.92276422764228,2.916666666666667,12.693089430894311,13.699186991869922,0.1829268292682927,12.042682926829269,11.646341463414636,1.514227642276423,0.8231707317073172,0.5589430894308944,Kauai,Hawaii,Pacific
44.3429374560787,2.6101797008332492,12.508784258608571,13.06093765686176,0.18070474851922494,12.046983234614997,11.223772713582973,2.7105712277883742,0.8633671318140748,0.45176187129806245,Kauai,Hawaii,Pacific
45.33239747317758,2.2961997392960996,13.586684046926703,11.902135766569737,0.18048731575253182,8.432768474882181,13.105384538253285,3.389150706908653,1.243357064072997,0.5314348741602326,Kauai,Hawaii,Pacific
44.439918533604896,2.6374745417515277,13.095723014256619,13.10590631364562,0.19348268839103872,10.987780040733199,11.221995926680245,2.9022403258655807,0.9164969450101834,0.49898167006109984,Kauai,Hawaii,Pacific
45.39704848910752,2.278887661881337,13.593012749723924,11.876317638791287,0.18070474851922497,8.452966569621525,13.081015962252785,3.3831944583877123,1.2247766288525248,0.5320750928621625,Kauai,Hawaii,Pacific
45.28473344103393,2.2819063004846525,13.6813408723748,11.934571890145397,0.18174474959612277,8.390549273021003,13.025040387722134,3.432956381260097,1.2520193861066236,0.5351373182552505,Kauai,Hawaii,Pacific
39.95062744291298,3.4355070973050816,10.080230405266406,14.9043406706439,0.2160049372557087,14.71919358156758,12.569430158403621,2.3451964616334084,1.1108825344579305,0.6685867105533841,Kauai,Hawaii,Pacific
41.18494137008846,3.0652129191524375,10.543098127957212,13.772886237399712,0.19543303846945073,14.441472947953097,12.46657066447233,2.7052046903929234,0.9771651923472535,0.6480148117671262,Kauai,Hawaii,Pacific
43.52988937379479,2.476403125951487,11.478737440373491,12.889475286714708,0.19283466964376336,13.67096315842891,11.519334212930072,3.166548259413377,0.6089515883487263,0.4668628844006902,Kauai,Hawaii,Pacific
46.314831665150145,1.9613790314427257,12.32433525427156,12.465878070973613,0.18198362147406735,12.233343443534526,11.070670306339096,2.4668890910929124,0.6976038823172581,0.2830856334041048,Kauai,Hawaii,Pacific
38.931999183173374,2.6444762099244437,10.251174188278538,13.855421686746988,0.23483765570757606,14.233204002450481,13.314274045333876,4.31897079844803,1.1129262813967735,1.1027159485399225,Kauai,Hawaii,Pacific
40.40153602517363,3.51452137361842,10.306514292136129,13.724168860528478,0.20613028584272255,14.944445723597385,12.986208008091522,2.576628573034032,0.6699234289888483,0.6699234289888483,Kauai,Hawaii,Pacific
42.31905374102798,2.403557906650618,11.7096410836825,13.923866419947952,0.19516068472804166,12.53137028253741,12.53137028253741,2.506274056507482,1.2325937982823683,0.6471117440982433,Kauai,Hawaii,Pacific
41.14336421718826,3.240039932103575,10.285841054297064,14.072083832402344,0.1954309800316442,14.091602244386978,12.445867675699446,2.818320448877396,1.0697274696468946,0.637722145366418,Kauai,Hawaii,Pacific
42.32282936045962,2.9513256309473053,11.374900869276072,13.274066615600535,0.18445785193420658,12.809573050986566,12.399666713354998,2.869344363420991,1.3117002804210247,0.5021352635986734,Kauai,Hawaii,Pacific
44.04148238942739,1.9798464560384785,11.717458617370587,11.886731448858907,0.18182263371781948,14.545810697425557,11.515433468795234,2.757643278053595,0.9192144260178652,0.45455658429454865,Kauai,Hawaii,Pacific
44.90207144608952,2.3627285886211116,12.273914746083696,12.333563926097204,0.19433698347965853,12.069349500315635,11.864784254547573,2.669576457273204,0.8694022945142618,0.46027180297813863,Kauai,Hawaii,Pacific
44.889550179977505,2.6219578173305043,13.874951873811229,12.353153273593911,0.1836390689180898,8.62083406865477,12.752713119311792,3.040246807643931,1.2038561184630332,0.4590976722952245,Kauai,Hawaii,Pacific
45.19673570283535,2.11256652273927,13.203540767120437,11.383928312980142,0.18281825677551375,9.638584759997919,13.60980355995491,3.1180669350045953,1.0969095406530824,0.45704564193878433,Kauai,Hawaii,Pacific
45.021531243117494,2.291636500212737,12.979180178196033,12.238434029463553,0.18251972125588173,10.646983739926434,12.26938126220094,2.9304555246083237,1.0038584669073496,0.436019334111273,Kauai,Hawaii,Pacific
44.82740344202654,2.2312282256212304,12.677433100120625,12.312730733085651,0.182555036641737,11.561818987310012,11.866077381712905,2.920880586267792,0.9939107550494571,0.4259617521640531,Kauai,Hawaii,Pacific
44.10057108816961,2.1440600229501814,12.396934729854129,12.357736028695207,0.18290559437489698,13.108234263534285,11.17756410068815,3.119556526282965,1.01614219097165,0.39629545447894354,Kauai,Hawaii,Pacific
45.42713815182304,2.4303006189575758,13.228218558883006,13.124443697010218,0.18457979384487916,9.741711341813067,11.382420620434216,2.9840400004922136,1.097224330077893,0.3999228866639049,Kauai,Hawaii,Pacific
44.728182841114524,2.1903503725397044,11.872927253018958,13.112690128553506,0.18423507806408723,13.71527803365983,10.091988165066113,2.732820324617294,0.9928223651231369,0.378705438242846,Kauai,Hawaii,Pacific
45.72800563926788,2.317159030151242,11.893382632634694,12.450349741320977,0.17429957306447397,12.918674238896305,11.073149347625407,2.2556415337755453,0.8202332850092894,0.3691049782541802,Kauai,Hawaii,Pacific
46.49681805421497,2.040580879671879,12.994743910348289,11.869240714270719,0.1827385862392728,11.16735804795556,11.37040092155475,2.720774506229173,0.7918672070368489,0.3654771724785456,Kauai,Hawaii,Pacific
45.92625565523659,1.740254978864346,12.459813753999162,12.009001216592692,0.17505523456031882,13.283603093106548,11.018182410561241,2.316907516239514,0.7105183049801175,0.3604078358594799,Kauai,Hawaii,Pacific
46.27865849345375,2.104504116920855,12.36140767705939,12.131845098853054,0.1838887092455116,12.259247283034105,11.237643342781263,2.3803371807891223,0.7049067187744611,0.3575613790884947,Kauai,Hawaii,Pacific
47.94300633333234,2.1013317669503113,13.158825142552919,12.01948305851246,0.16321023432623777,9.670206383829587,11.016690817021049,2.866379740354551,0.7140447751772901,0.34682174794325527,Kauai,Hawaii,Pacific
46.14463422724119,1.7086815778158044,12.482583981648391,11.94662479830651,0.17393764564592024,12.78953276808237,11.254788835912485,2.5169800487586103,0.6445924515113514,0.3376436650773746,Kauai,Hawaii,Pacific
46.62991405952436,2.1925323829312777,12.661102492983437,12.87514512145384,0.18528442672658685,11.117065603595213,10.911194018343448,2.254293858506807,0.844073499532229,0.32939453640282107,Kauai,Hawaii,Pacific
46.56842926311397,2.110290476411265,12.377665294335301,12.138867664800248,0.18262129122789791,11.768927656908977,10.957277473673875,2.7494649957089075,0.8319414378159794,0.31451444600360196,Kauai,Hawaii,Pacific
46.24032455016097,1.3351363897831288,15.258701597521473,11.393567528837131,0.19174294335509787,10.939439505101374,11.181641117760446,2.5633004006418347,0.6297241929135846,0.2664217739249781,Kauai,Hawaii,Pacific
46.19402909525304,1.3565636420696707,15.418256916956032,11.824375626398325,0.20247218538353295,10.093238441369119,11.25745350732443,2.7637453304852246,0.5952682250275868,0.2945970297330404,Kauai,Hawaii,Pacific
46.164256281813046,1.3290781287872668,15.189464328997335,11.856669629150845,0.21208693544477664,10.503352993455604,11.048719398885028,2.8278258059303547,0.5736446634887291,0.2949018340470227,Kauai,Hawaii,Pacific
45.88326999902563,3.4554696947460224,12.065448416197572,12.873188260774818,0.18925495970498707,11.325813673013844,10.354957157868395,2.1215173711471293,1.156331227310934,0.5747492402106751,Kauai,Hawaii,Pacific
44.88925615139054,2.621940643388038,13.874860992247983,12.35372736440997,0.1836378660738704,8.620777601801137,12.752629588463222,3.0402268938896317,1.203848233150928,0.459094665184676,Kauai,Hawaii,Pacific
44.72784588359106,2.1903338716449623,11.872837808916618,13.11334468974725,0.1842336901383613,13.715174710300232,10.091912137579124,2.7327997370523596,0.9928148857456137,0.37870258528440937,Kauai,Hawaii,Pacific
45.4265791380944,2.4302707123540346,13.228055776104238,13.125512763445679,0.18457752245726844,9.7415914630225,11.382280551531553,2.98400327972584,1.0972108279404291,0.3999179653240816,Kauai,Hawaii,Pacific
45.19647771008218,2.112554463752156,13.203465398450973,11.384434152704047,0.18281721320932118,9.638529740869211,13.609725872249465,3.118049136403422,1.0969032792559272,0.45704303302330296,Kauai,Hawaii,Pacific
44.10031295834777,2.1440474733205943,12.39686216801481,12.358249017108426,0.18290452379038244,13.108157538310744,11.177498676078928,3.119538266869301,1.0161362432799026,0.396293134879162,Kauai,Hawaii,Pacific
46.144244229767835,1.708667136667678,12.482478483440522,11.947368993041698,0.17393617558892532,12.789424675656274,11.25469371457752,2.5169587761691545,0.6445870036530762,0.33764081143732566,Kauai,Hawaii,Pacific
45.92588014332858,1.7402407498256791,12.459711877450129,12.009720667098046,0.17505380323690264,13.283494480917907,11.018092321381518,2.316888572253123,0.7105124954909576,0.36040488901715245,Kauai,Hawaii,Pacific
45.02129384451939,2.291624416410221,12.979111738960547,12.23889679632539,0.18251875882913268,10.646927598366073,12.26931656573614,2.930440072312186,1.0038531735602299,0.4360170349807058,Kauai,Hawaii,Pacific
44.04129375502224,1.9798379761432012,11.717408430235272,11.887108847463521,0.18182185495192663,14.545748396154131,11.515384146955356,2.7576314667708877,0.9192104889236292,0.4545546373798166,Kauai,Hawaii,Pacific
44.82713155843959,2.2312146929540067,12.677356209965945,12.313262566907534,0.18255392942350962,11.561748863488942,11.866005412528125,2.920862870776154,0.9939047268613301,0.4259591686548558,Kauai,Hawaii,Pacific
46.49651782369159,2.0405677036161594,12.994660003127784,11.869809775662283,0.1827374062939844,11.167285940187938,11.370327502736808,2.7207569381548797,0.7918620939405991,0.3654748125879688,Kauai,Hawaii,Pacific
46.62940429414179,2.192508413830508,12.660964079866316,12.876097583749205,0.18528240116877534,11.116944070126522,10.911074735494548,2.2542692142201,0.8440642719910877,0.3293909354111562,Kauai,Hawaii,Pacific
42.32251187290843,2.951303491379571,11.374815539692097,13.27471719602323,0.1844564682112232,12.809476959112724,12.399573696421115,2.8693228388412493,1.3116904406131427,0.5021314967972187,Kauai,Hawaii,Pacific
45.15417364698804,2.164926133759701,11.340089272074623,11.877197183914657,0.1855650971794029,13.4019236851791,12.164823037316415,2.46389212365985,0.6907145283899998,0.5566952915382087,Kauai,Hawaii,Pacific
44.90175821192776,2.362712106367953,12.273829123989364,12.334175481905964,0.1943356277964983,12.069265305256211,11.864701486523051,2.6695578344676867,0.8693962296159133,0.4602685921496012,Kauai,Hawaii,Pacific
46.27832374931627,2.1044888945605194,12.361318264166158,12.132480669344536,0.18388737913635606,12.259158609090404,11.23756205833287,2.3803199632650536,0.7049016200226982,0.35755879276513675,Kauai,Hawaii,Pacific
46.568254443510774,2.110282554302885,12.37761882812269,12.139197498735683,0.18262060566082658,11.768883475919935,10.957236339649596,2.749454674115778,0.8319383146770988,0.3145132653047569,Kauai,Hawaii,Pacific
46.608212084063325,2.0793346447968957,12.453898840885143,12.274266725544365,0.17862580086690502,11.748053927296667,10.830554178377112,2.6805925976702922,0.8484625906081567,0.2979986098911347,Kauai,Hawaii,Pacific
41.14295116530211,3.240007404267541,10.285737791325527,14.07294649126655,0.19542901803518503,14.091460774115971,12.44574272750389,2.8182921548231947,1.069716730297855,0.6377157430621828,Kauai,Hawaii,Pacific
40.40112544144828,3.514485657023944,10.306409551389866,13.725045645315422,0.2061281910277973,14.944293849515306,12.986076034751228,2.5766023878474664,0.6699166208403413,0.6699166208403413,Kauai,Hawaii,Pacific
42.92106297580951,2.8325816659606806,11.286787757237796,12.943951158316963,0.194079176533943,14.236734287066932,12.190100568670395,2.1002208473153297,0.771841789315831,0.5226397737726142,Kauai,Hawaii,Pacific
42.59387805641514,2.6726057906458798,11.073364690704306,13.338922430330177,0.2067068556744903,13.149288498304298,12.64082505434847,2.976588841999352,0.6884729833380612,0.6593467982398394,Kauai,Hawaii,Pacific
42.5665418479911,2.6616739196437607,11.061633437911143,13.369092197146038,0.20240866309078032,13.176803967209796,12.640421010019228,2.97540734743447,0.688189454508653,0.6578281550450359,Kauai,Hawaii,Pacific
40.194478540379144,3.0515754881973045,10.484784567029015,13.371483500924985,0.24441951224836242,14.008696265553624,12.96979712149689,3.3411579376919223,1.5709506813449077,0.7626563851338445,Kauai,Hawaii,Pacific
46.14348915370243,2.0173029501613096,12.580566154803321,11.886442345736112,0.2013009091270324,11.580207132149663,11.885261284316213,2.5820204617890092,0.7445591352948895,0.37885047292001317,Kauai,Hawaii,Pacific
47.53612005214781,2.252530266644551,13.000554491178223,11.981256275085316,0.18557826138169267,9.795242914412043,10.881518776978359,3.106552851743322,0.8507974015838256,0.40984870884485547,Kauai,Hawaii,Pacific
45.284332395502524,1.9914984693335773,11.738578335000044,13.171952283265071,0.21837158370628615,14.219521321428665,10.594150039362297,1.801739356110606,0.6696426322586261,0.31021358403230714,Kauai,Hawaii,Pacific
44.55089914289342,2.6260006188052225,12.20414820716923,13.29060688060327,0.1935551144392477,12.09342893005922,11.190218654232373,2.576950702018135,0.895035289695666,0.37915646008419723,Kauai,Hawaii,Pacific
45.160335603019966,2.2336819835173194,12.674595595868619,12.434940886779705,0.1950542310859503,11.731744706783513,11.840803829651499,2.4685731444824346,0.7550525266602924,0.5052174921506977,Kauai,Hawaii,Pacific
40.89777612430942,3.0623469828245304,10.54210559304176,12.749721355704546,0.2341389247837536,14.649983099162448,12.754293514206443,2.970247763553397,1.4657351036704138,0.6736515387432903,Kauai,Hawaii,Pacific
44.31348846580034,2.548604815150599,11.141331721567441,13.055303717135086,0.18132366273798728,13.65971592626171,10.627581343809812,2.8508109197139113,1.1786038077969174,0.44323562002619116,Kauai,Hawaii,Pacific
44.042445679636174,2.5669530065689736,11.177362304194036,13.31985851440121,0.18191005558362805,13.70389085396665,10.480040424456794,2.93077311773623,1.152097018696311,0.4446690247599797,Kauai,Hawaii,Pacific
43.16459533191877,2.4047691219561487,10.952813984035568,12.347175911892496,0.1919773668788522,14.034555926038198,12.084470041426698,2.81903607153683,1.2529049206830354,0.7477013236334245,Kauai,Hawaii,Pacific
42.57907542579075,2.473641524736415,10.62449310624493,12.712895377128952,0.19261962692619625,14.03081914030819,12.570965125709648,2.6561232765612326,1.3483373884833738,0.8110300081103,Kauai,Hawaii,Pacific
43.10855722875998,2.8824011445300357,13.077189036638709,11.701223866321621,0.17864463918048273,7.2743996712135734,15.004142448023691,4.260373557983985,1.5365446212658376,0.976523786082077,Kauai,Hawaii,Pacific
42.56475049277984,3.2816906420195733,13.074640419823858,12.19658269153762,0.1994674519737004,7.06520731333881,14.71448339182875,4.260985619800002,1.677932234190826,0.9642597427070341,Kauai,Hawaii,Pacific
42.94643599263386,3.023806271904493,13.15077556145037,11.803186115117265,0.18929070700413198,7.344120230506972,14.898498496993378,4.219194629022381,1.6050448563006987,0.8196471390664363,Kauai,Hawaii,Pacific
42.17765361673048,3.5433828296360574,12.876921242461076,12.579322175539362,0.19589433529695277,7.090222618130296,14.593376466827726,4.275105787951146,1.8116468450991847,0.8564740823277258,Kauai,Hawaii,Pacific
42.16107425887584,3.5108368880271072,12.805763747961816,12.465419837508179,0.1912082033170528,7.258584587548193,14.632111569233805,4.2893035320655155,1.8241730997994705,0.8615242756630109,Kauai,Hawaii,Pacific
42.84443339635107,3.004622922590829,13.360281511681091,11.70147403147331,0.18190775188688404,7.0441323805359195,15.04877794724524,4.256339472573192,1.5493609074957566,1.0086696781666917,Kauai,Hawaii,Pacific
42.533252041240466,3.2921102869952015,11.217560977909573,13.704034977005422,0.17273418172505686,12.19300106294519,12.050749383877495,3.1092152710510232,1.2193001062945188,0.5080417109560496,Kauai,Hawaii,Pacific
43.023458588982734,2.617319574618615,10.79390708292328,13.232812706538727,0.17245904173843588,12.589510046905819,12.630088644961921,2.86079116295523,1.3390937358513844,0.7405594145238716,Kauai,Hawaii,Pacific
44.19254570328836,2.1748894672841845,12.082719262689915,12.178768825682123,0.1812407889403487,14.932227222140954,10.6025861530104,2.356130256224533,0.9364107428584684,0.3624815778806974,Kauai,Hawaii,Pacific
44.62768786491255,2.7236608778314624,13.13409801087616,12.469609492801485,0.17148975897457355,8.977993263962967,13.14418564375702,2.985939332733751,1.2710417429880156,0.4942940111620061,Kauai,Hawaii,Pacific
44.804542001916985,2.2402271000958494,12.099244563130284,12.348591930484016,0.15136669595242222,11.846966736542914,12.008424545558832,2.916331675350002,1.1302046631114195,0.45410008785726674,Kauai,Hawaii,Pacific
45.76905495144389,1.9952163981474882,12.485217764165343,12.029095172588033,0.16122960793111016,11.62868547203132,11.81006878095382,2.5796737268977625,0.8061480396555508,0.73561008618569,Kauai,Hawaii,Pacific
49.16515791591229,2.5648762824381404,14.242607121303557,11.335747334540331,0.1508750754375377,9.062562864614764,8.921746127539729,3.037618185475759,1.0158921746127538,0.5029169181251256,Kahoolawe,Hawaii,Pacific
48.60956618464961,2.861765598139347,13.499848316311052,12.07402164020629,0.16179593487713623,8.120133481646272,10.092021437961371,3.225806451612903,0.8393164121751441,0.5157245424208717,Kahoolawe,Hawaii,Pacific
44.09829323462883,3.300431832202344,11.649187744190828,12.142710261155665,0.19535266296524778,10.87805881143327,10.590170676537117,3.6808554390294055,2.395640551100144,1.0692987867571457,Kerguelen,Kerguelen,Indian
43.995147594015364,4.154872624342904,14.880711686211079,12.687019813991105,0.20218358269308534,5.863323898099474,9.50262838657501,3.204609785685402,3.608976951071573,1.9005256773150019,Kerguelen,Kerguelen,Indian
47.45952550656756,3.9303533245087054,13.53222686080847,14.99847266062519,0.2749210874656348,5.5798798493025155,10.20262702372467,2.901944812137257,0.6923938499134508,0.42765502494654306,Kerguelen,Kerguelen,Indian
46.60321960109345,3.0778576490837297,14.093348182646551,11.96719651716108,0.1721170395869191,9.456312645540143,9.992912827781714,2.9664877999392525,1.0630758327427356,0.6074719044244203,Kerguelen,Kerguelen,Indian
46.61471510980671,3.309381641534258,14.178726849509161,12.367169314846677,0.18216779678170228,9.219714603785043,9.56380933103937,3.026009513207166,0.9816820159902845,0.5566238234996459,Kerguelen,Kerguelen,Indian
47.64360841423947,2.7002427184466016,14.886731391585759,11.033576051779935,0.17192556634304207,8.940129449838187,9.587378640776699,3.1553398058252426,1.3754045307443366,0.5056634304207119,Kerguelen,Kerguelen,Indian
48.058888776847844,2.8335182010688724,15.760814762528996,11.001310880306548,0.1613391146516084,7.351013411313907,9.236664313804582,3.125945346374913,1.7243117878390648,0.7461934052636888,Kerguelen,Kerguelen,Indian
46.280655337335915,2.289610257453954,15.59987788745294,12.852345578508196,0.18316882059631628,8.018723923883181,10.644143685763716,2.27943421186527,1.3330619721176353,0.5189783250228962,Kerguelen,Kerguelen,Indian
46.9859955348082,3.338745687030648,14.816318246397401,13.426019890399838,0.20296326364927947,6.799269332250862,10.148163182463973,3.044448954739192,0.781408565049726,0.4566673432108788,Kerguelen,Kerguelen,Indian
46.203294495781435,2.450783447167537,14.363198071514665,11.842105263157894,0.1807955002008839,11.651265568501405,8.738449176376054,3.2141422257934913,0.9843310566492567,0.37163519485737245,Kerguelen,Kerguelen,Indian
46.19315278487481,2.554931016862545,14.307613694430252,11.957077158916709,0.16351558507920289,12.263668880940216,7.460398569238631,3.372508942258559,1.1037301992846196,0.623403168114461,Kerguelen,Kerguelen,Indian
46.13821138211381,2.621951219512195,14.837398373983737,12.256097560975608,0.1727642276422764,10.569105691056908,7.520325203252032,3.963414634146341,1.2093495934959346,0.711382113821138,Kerguelen,Kerguelen,Indian
45.42235710672737,3.530601922104198,11.836115326251896,11.562974203338392,0.16186140617096612,13.050075872534144,8.700050581689428,2.7314112291350536,2.3368740515933233,0.6676783004552352,Kerguelen,Kerguelen,Indian
46.25087596355992,1.9321253378716585,13.114425868455301,11.532685954550006,0.18019821803984384,13.614976474121535,9.810791871058164,1.8019821803984384,1.391530683752127,0.3704074481930123,Kerguelen,Kerguelen,Indian
47.70034143402289,2.2092789716810604,14.360313315926893,11.83972685278168,0.17071701144808193,10.443864229765012,9.43964651536453,1.9080136573609154,1.5163687487447277,0.41172926290419753,Kerguelen,Kerguelen,Indian
44.9002329585739,4.213511597285527,14.453560214727037,13.329281879874408,0.1924440392990986,5.844221614504205,8.751139471285327,3.008204193254331,3.9299098551605396,1.3774941760356532,Kerguelen,Kerguelen,Indian
49.49933594999546,1.405375589738261,16.85446867978957,12.314601597402097,0.33126710329544723,5.541195182396571,8.723367053446776,3.091826297424174,1.576028339920764,0.6625342065908945,Kerguelen,Kerguelen,Indian
48.74721380534045,2.9240234100754234,15.82412668981994,11.75317583848496,0.17200137706326024,6.252755942652636,8.974424791477166,3.2174375238892203,1.6694251303198786,0.4654154908770571,Kerguelen,Kerguelen,Indian
47.69872279833261,3.3299298759149054,12.562917259133508,8.235205177060143,0.21190462846731217,11.91711267713789,10.403508188085661,2.7345787768876955,2.10895558807944,0.7971650309008411,Kerguelen,Kerguelen,Indian
46.261273113876335,3.296431701666379,12.589133339186018,9.944721671654088,0.21234682740795693,10.870135212550176,9.960077380801788,3.5694490511908947,2.2245858109405012,1.0718458907258779,Kerguelen,Kerguelen,Indian
45.34125264389268,1.538184402331614,16.507835219794188,10.554074329775357,0.26139081346811743,6.896696078428022,11.189537515000566,3.9007552163703676,2.764710527066627,1.0455632538724697,Kerguelen,Kerguelen,Indian
49.043619066896056,2.408663090780285,13.278008298755184,11.000910838983906,0.16192693047262421,10.150794454002629,9.391761967412203,3.026009513207165,1.1638498127719863,0.3744560267179434,Kerguelen,Kerguelen,Indian
47.57950172169333,2.8256025926676123,14.097630139760989,12.061980960097225,0.2228073728985214,9.99594895685639,9.509823779623254,2.268584160421309,1.0735264330565122,0.3645938829248531,Kerguelen,Kerguelen,Indian
47.8036958497425,2.51438957891548,14.18761991315763,11.743915985055033,0.18176310209027563,9.683934161365242,9.764717762294254,2.736544481470261,1.0501868120771483,0.33323235383217203,Kerguelen,Kerguelen,Indian
47.638790575386786,2.710081909192031,14.763879057538675,11.103246030943472,0.16179593487713617,9.171807058347659,9.616745879259781,2.9123268277884513,1.4056021842451205,0.5157245424208716,Kerguelen,Kerguelen,Indian
47.69730168391154,2.7186041793467233,14.830594441063095,11.168594035301277,0.1623047271251775,8.916615946439437,9.59626699127612,3.0635017244877254,1.349158044228038,0.4970582268208561,Kerguelen,Kerguelen,Indian
47.09749190938511,3.0238673139158583,14.937297734627833,11.761731391585762,0.1820388349514563,7.8377831715210355,9.951456310679612,3.0542071197411005,1.5372168284789645,0.6169093851132686,Kerguelen,Kerguelen,Indian
44.52289691345572,2.451079281823684,12.537825297559008,10.187613475892675,0.5749445228969134,6.384910227960459,19.64898123865241,2.4813395198708896,0.8775469033689731,0.3328626185192657,Kerguelen,Kerguelen,Indian
46.45429643907883,3.7029522166987925,15.60312468296642,13.005985593994119,0.1927564167596632,5.945013695850665,10.15521964086436,2.942071624226438,1.481180886679517,0.5173988028812012,Kerguelen,Kerguelen,Indian
48.51284133590497,3.2991574459445734,15.917165769972588,12.079991878997054,0.1725713125571008,5.735458329103644,9.440665922241395,3.106283626027814,1.3095117246980001,0.42635265455283716,Kerguelen,Kerguelen,Indian
48.580121703853955,3.225152129817445,15.780933062880326,12.109533468559839,0.18255578093306288,5.537525354969574,9.665314401622718,3.1440162271805274,1.3488843813387426,0.4259634888438134,Kerguelen,Kerguelen,Indian
48.518969364982745,3.1547981334956376,15.875431121931424,12.101846216271047,0.18259281801582466,5.842970176506389,9.444106309596267,3.0939338608236957,1.349158044228038,0.43619395414891454,Kerguelen,Kerguelen,Indian
48.66531850353893,3.174924165824064,15.94539939332659,11.769464105156722,0.20222446916076842,5.621840242669361,9.787664307381192,3.0637007077856415,1.3346814964610716,0.4347826086956521,Kerguelen,Kerguelen,Indian
48.35666463785757,3.1345100426049903,15.794278758368835,12.111990261716372,0.18259281801582466,5.995130858186244,9.717995536620002,2.9620612700344893,1.3187259078920672,0.4260499087035909,Kerguelen,Kerguelen,Indian
49.1178259987832,2.9101602109105658,13.709186777529911,11.336442912188197,0.22307848306631514,7.462989251673088,9.916852565402554,3.0014195903467855,1.7542080713851147,0.5678361387142568,Kerguelen,Kerguelen,Indian
49.56111965051371,3.1449720896367603,15.724860448183803,10.749534827279346,0.15977671709408622,6.077582719844672,8.45400857535798,3.3472210986166164,2.214626648329423,0.5662972251435968,Kerguelen,Kerguelen,Indian
47.575071798983146,3.8360446117780778,14.339500096408528,13.22319081784877,0.28313662610742957,5.672880788317316,10.6861242756675,3.014035052111347,0.9539370198601568,0.41607891291772797,Kerguelen,Kerguelen,Indian
47.28012716025634,3.4219877901855766,14.528261771941722,12.03770261103743,0.1751490792018061,8.605590596620532,8.230994300061758,4.110435037915218,0.9111801808186447,0.6985714719609608,Kerguelen,Kerguelen,Indian
43.83951244286439,3.5754189944134076,11.498222447943117,12.229558151345858,0.17267648552564752,12.199085830370745,10.218384966988317,3.118334179786693,2.3463687150837984,0.802437785678009,Kerguelen,Kerguelen,Indian
48.398215733982155,2.7575020275750197,13.706407137064069,11.41524736415247,0.17234387672343873,7.9886455798864535,10.249391727493915,3.233982157339821,1.5612327656123275,0.5170316301703162,Kerguelen,Kerguelen,Indian
48.942842690945895,2.903388973191705,16.793120890237738,10.753667172483564,0.1416287303995954,5.948406676783006,10.065756196256956,2.89327263530602,1.2038442083965606,0.3540718259989884,Kerguelen,Kerguelen,Indian
48.881692136423446,2.9045643153526974,16.76955773707115,10.768140876429513,0.16192693047262424,6.315150288432346,9.614411496812064,3.0867321121343996,1.1638498127719867,0.3339742940997875,Kerguelen,Kerguelen,Indian
47.86834524185298,2.4563485047770186,13.337363368913236,12.058663448809524,0.18270360779333197,10.190801234694739,9.794943417809188,2.5781509099725737,1.1977236510896205,0.3349566142877753,Kerguelen,Kerguelen,Indian
47.224544444022065,2.055922701089337,15.923121319936914,12.458811387616038,0.21587188361438034,7.164890613296339,10.649679591642764,2.981087916579538,1.0176817370392217,0.3083884051634005,Kerguelen,Kerguelen,Indian
47.127831715210355,1.8709546925566343,14.623786407766989,10.760517799352751,0.18203883495145629,10.993122977346276,10.730177993527507,2.204692556634304,1.142799352750809,0.36407766990291257,Kerguelen,Kerguelen,Indian
48.80722769262004,2.4159983757994117,15.99837579941123,12.151050654755863,0.21317632727641864,6.273474774134606,10.019287381991676,3.157039894426962,0.6699827428687444,0.2943863567150543,Foch,Kerguelen,Indian
46.889903602232366,2.486047691527143,16.590563165905632,12.440385591070521,0.19279553526128868,7.47843734145104,9.812278031456112,3.0339928970065957,0.7001522070015219,0.3754439370877727,Foch,Kerguelen,Indian
45.35956993609901,3.4486256212597635,13.926361699969576,12.364337153869563,0.19271731412922208,9.453291408864999,11.096460087229945,1.6735977279642968,1.8764580586266362,0.6085809919870171,Foch,Kerguelen,Indian
48.685679488480666,2.4155079671166138,16.045874352988935,12.067390642443925,0.20298386278290878,6.576677154166244,9.956358469501675,3.1158022937176493,0.649548360905308,0.2841774078960723,Foch,Kerguelen,Indian
44.41483910637426,3.033408485345358,13.2916581266653,11.897929903668784,0.2152080344332855,12.051649928263988,10.012297601967617,2.7874564459930316,1.5679442508710801,0.7276081164172986,Robinson Crusoe,Juan Fernandez,Pacific
43.44393363981611,2.8482910253847695,13.162102738356987,11.792924245452731,0.19988007195682594,11.643014191485111,10.853487907255648,4.737157705376775,0.709574255446732,0.6096342194683191,Robinson Crusoe,Juan Fernandez,Pacific
42.737627255317015,2.751738736014515,13.244632597520415,12.095554883580286,0.21167221046265502,11.85364378590868,10.795282733595407,4.414877532506805,1.3204314081241812,0.5745388569700636,Robinson Crusoe,Juan Fernandez,Pacific
44.22788605697152,2.3888055972014,12.76361819090455,11.884057971014496,0.19990004997501254,13.853073463268368,9.765117441279362,3.238380809595203,1.2193903048475765,0.45977011494252884,Robinson Crusoe,Juan Fernandez,Pacific
44.001634988759456,2.6670754138565296,13.662374821173104,12.160228898426324,0.2145922746781116,11.414265276926221,10.075618230124668,3.5152258328223995,1.5532393214796647,0.7357449417535254,Robinson Crusoe,Juan Fernandez,Pacific
47.13045214093223,2.8645573410520013,12.765745084339756,11.458229364208005,0.1596965765046412,11.448248328176465,9.561832518215391,3.253817746282064,0.9082742788701468,0.44914662141930334,Robinson Crusoe,Juan Fernandez,Pacific
46.71583773547294,2.7708561746237415,12.299411940596034,11.731286753712748,0.17940795375261637,12.658227848101266,9.3690820293033,2.990132562543606,0.8571713345958338,0.4285856672979169,Robinson Crusoe,Juan Fernandez,Pacific
43.50311319791772,2.8069817291007446,12.922323160151064,11.391242217005203,0.19393691946514238,13.361233030519545,11.146269266101866,3.4704501377972847,0.714504440134735,0.4899459018066754,Robinson Crusoe,Juan Fernandez,Pacific
43.38515391743024,3.2945536909296815,13.42530629053845,11.870688767631005,0.2059096056831051,11.489755997117262,10.902913620920412,3.901987027694841,0.8236384227324204,0.7000926593225573,Robinson Crusoe,Juan Fernandez,Pacific
45.16129032258064,2.7929506338245904,15.015974440894569,11.03782335360198,0.21642790889415645,8.626198083067091,10.872925899206432,3.792641451097599,1.834484180150469,0.6492837266824693,Robinson Crusoe,Juan Fernandez,Pacific
43.249615581752934,3.259866735007688,13.429010763710917,12.086109687339823,0.20502306509482315,11.317273193234238,11.050743208610966,3.9774474628395686,0.7995899538698102,0.6253203485392106,Robinson Crusoe,Juan Fernandez,Pacific
44.01105651105651,2.979115479115479,13.748976248976247,12.684275184275185,0.23546273546273547,9.746109746109745,10.042997542997544,3.8800163800163796,1.7403767403767403,0.9316134316134315,Robinson Crusoe,Juan Fernandez,Pacific
45.71457863440641,2.696329710887841,13.758458068484725,11.543981956120566,0.23580069714988725,10.190690998564692,9.514045519786754,3.8343243797416453,1.7531269222882924,0.7586631125692025,Robinson Crusoe,Juan Fernandez,Pacific
44.713206776893244,3.245560318432333,14.390691977954685,12.737293325168404,0.22453561951418657,8.716064502959785,9.706062461726882,3.6027760767503567,1.8677281077770975,0.7960808328230252,Robinson Crusoe,Juan Fernandez,Pacific
45.26867358471181,3.1542176101921298,14.558717764306998,11.949039350662694,0.21576081372649747,8.661255522449398,10.305147436556046,4.274118976677284,0.9452378506113224,0.6678310901058255,Robinson Crusoe,Juan Fernandez,Pacific
44.06744807731853,3.197614641168003,13.623277812050175,11.566933991363355,0.20563438206868187,10.87805881143327,11.52580711494962,2.878881348961546,1.408595517170471,0.6477483035163479,Robinson Crusoe,Juan Fernandez,Pacific
45.188370188370186,2.856265356265356,14.63963963963964,11.72194922194922,0.23546273546273547,9.316134316134315,9.398034398034397,4.0540540540540535,1.8837018837018837,0.7063882063882062,Robinson Crusoe,Juan Fernandez,Pacific
44.02394480519481,2.972808441558442,14.032061688311689,11.576704545454547,0.24350649350649353,10.004058441558442,10.420048701298702,3.7642045454545454,2.2017045454545454,0.7609577922077922,Robinson Crusoe,Juan Fernandez,Pacific
44.75682331212805,2.8934947670839315,13.626103016622201,11.245639236609891,0.2257336343115124,9.90149805048225,11.255899856351324,4.596757644161707,0.8003283398317258,0.697722142417402,Robinson Crusoe,Juan Fernandez,Pacific
44.61099214846538,3.2323850311002342,14.081778321607013,13.102885693892116,0.2141327623126338,8.412358519424899,9.860303864586518,3.9767513000917707,1.7130620985010705,0.7953502600183541,Robinson Crusoe,Juan Fernandez,Pacific
44.376899696048625,3.0293819655521785,13.900709219858157,11.388044579533942,0.22289766970618033,9.959473150962513,10.638297872340425,4.042553191489362,1.702127659574468,0.7396149949341438,Robinson Crusoe,Juan Fernandez,Pacific
45.93135757205419,2.6988491699765764,13.687748243201959,11.2536918219778,0.23423973928098588,9.960281087687138,9.48161727263469,4.185762297586313,1.7720745493431105,0.7943782462572565,Robinson Crusoe,Juan Fernandez,Pacific
46.50339034510677,4.048173261815605,15.07944540026313,12.357048881692137,0.17204736362716325,7.570083999595183,9.22983503693958,3.430826839388726,1.0828863475356747,0.5262625240360287,Robinson Crusoe,Juan Fernandez,Pacific
46.50597528863682,4.0712983593275265,15.059752886368239,12.750658294510837,0.1721693336034029,7.626088717844845,9.25663358314766,2.977516710552967,1.0633988251974882,0.5165080008102085,Robinson Crusoe,Juan Fernandez,Pacific
46.86123911930364,2.764976958525346,15.012800819252433,9.124423963133642,0.15360983102918588,8.858166922683052,13.27188940092166,2.939068100358423,0.6451612903225807,0.3686635944700461,Robinson Crusoe,Juan Fernandez,Pacific
46.70467046704671,2.4802480248024805,11.551155115511552,11.59115911591159,0.17001700170017003,14.721472147214723,9.410941094109411,2.5702570257025705,0.47004700470047006,0.3300330033003301,Robinson Crusoe,Juan Fernandez,Pacific
44.028289670285886,2.948500846697878,13.029186173921707,11.445363083972508,0.19922303018228907,12.580934356011555,9.642394660822792,3.7553541189361486,1.6734734535312281,0.6972806056380118,Robinson Crusoe,Juan Fernandez,Pacific
44.01489982885331,2.4363233665559245,12.785663948454642,12.382965871337962,0.20134903855834085,13.701802073895095,9.543944427665357,3.211517165005537,1.2382965871337963,0.483237692540018,Robinson Crusoe,Juan Fernandez,Pacific
43.57099939915882,2.9541357901061485,12.978169437212097,12.036851592229121,0.22030843180452633,12.006809533346685,9.813739234928901,3.935509713599039,1.7624674544362107,0.7210094131784498,Robinson Crusoe,Juan Fernandez,Pacific
47.36573412293241,3.3183581784766187,13.589953032468859,11.558096793955484,0.16336532570961815,10.506432509699817,8.92383091688789,3.052889524198489,1.0414539513988157,0.47988564427200325,Alexander Selkirk,Juan Fernandez,Pacific
47.029652869142815,3.7648011334885143,14.522821576763489,11.42596903147455,0.15180649731808524,8.642849913976319,9.47272543264852,3.1778160105252513,1.254933711162838,0.556623823499646,Alexander Selkirk,Juan Fernandez,Pacific
47.67808149578293,2.631846357077532,13.199878061172644,12.376790976526772,0.1727466720861701,12.742607458591603,7.458591606544049,2.631846357077532,0.7621176709683973,0.3454933441723402,Alexander Selkirk,Juan Fernandez,Pacific
47.23945094051855,2.8469750889679712,13.55363497712252,11.194712760549058,0.1626842907981698,11.520081342145398,9.273004575495678,2.8164717844433143,0.9862735129639043,0.4067107269954245,Alexander Selkirk,Juan Fernandez,Pacific
47.26530612244898,3.5306122448979598,13.887755102040819,11.59183673469388,0.163265306122449,9.795918367346939,9.010204081632654,3.0510204081632657,1.153061224489796,0.5510204081632654,Alexander Selkirk,Juan Fernandez,Pacific
47.06467661691542,2.5970149253731347,12.328358208955226,13.233830845771147,0.16915422885572143,13.502487562189055,7.37313432835821,2.5970149253731347,0.7363184079601991,0.3980099502487563,Alexander Selkirk,Juan Fernandez,Pacific
46.66465439178991,2.5153435959352044,12.405674615152428,12.647147600362207,0.1710433645235939,14.468256363819295,7.525908039038132,2.595834591005131,0.6338665861756715,0.3722708521984103,Alexander Selkirk,Juan Fernandez,Pacific
49.27169799853534,3.010051675294817,10.197939224285063,10.814619390978843,0.17066271782133932,9.506700295913397,12.34119452699954,3.390206312011954,0.7644558740514859,0.5324719841082172,Tahaa,Society,Pacific
48.102735981276375,3.27507989659754,12.404365108363184,11.327211799621608,0.15351937015300968,10.725886661356943,9.364681579333592,2.2618520535876763,1.8524670665129837,0.5322004831971003,Tahaa,Society,Pacific
47.99578378350331,3.201777940083555,13.085079620084239,11.431203798910557,0.15442658875001067,9.595038714333997,9.831826150417347,3.3459094229168977,0.7412476260000512,0.6177063550000427,Tahaa,Society,Pacific
48.09410629034891,3.274492343172692,12.402139749766569,11.33288702002696,0.15349182858621993,10.723962423890567,9.363001543759415,2.26144627450364,1.8623675201794685,0.5321050057655624,Tahaa,Society,Pacific
47.991141465285054,3.201468253046687,13.08381398592392,11.43977047922624,0.15441165207620675,9.594110649001646,9.830875182185164,3.34558579498448,0.7411759299657924,0.617646608304827,Tahaa,Society,Pacific
42.92076430810805,3.3008159962458863,10.91808367989024,12.665486917789636,0.19297078131899026,14.757186592446992,10.907927322978713,2.6203400831736574,1.2593882570291997,0.45703606101866123,Tahiti,Society,Pacific
48.09866392600205,3.494347379239465,14.162384378211716,11.860226104830419,0.18499486125385403,6.3720452209660845,10.688591983556012,3.9568345323741005,0.6885919835560123,0.4933196300102774,Tahiti,Society,Pacific
43.91953672660775,4.61241491415219,15.036066239967493,14.467134003860615,0.18287107589149654,6.339530630905213,11.1348166209489,2.1538148938331814,1.3410545565376413,0.8127603372955402,Tahiti,Society,Pacific
45.11278195488722,4.593675970748789,13.441137089298588,13.245442373055926,0.17509527242764447,7.12740755999588,11.545988258317026,2.1320424348542586,1.823050777629004,0.8033783087856627,Tahiti,Society,Pacific
49.1143646974506,3.419678509265895,14.589945735640422,11.42623118664892,0.16381693457561175,6.265997747517149,10.330705436674515,2.6825023036756424,1.505068086413433,0.501689362137811,Tahiti,Society,Pacific
45.808628092414644,3.629114700470252,13.483950112451442,12.318544264976488,0.16356573297894092,9.231241054998977,11.459824166837048,2.1570231036597836,1.3085258638315274,0.4395829073809037,Tahiti,Society,Pacific
46.32241046971694,2.789895505731967,11.545094856447195,11.839302018869837,0.17246626762706707,13.269757532717867,10.36826620675662,2.029014913259612,1.2681343207872575,0.39565790808562445,Tahiti,Society,Pacific
47.0713633133692,2.7306872398741246,12.140899401076034,11.369404121408992,0.18272256623693026,11.399857882448481,10.973505227895645,2.2637295706019693,1.1572429195005582,0.710587757588062,Tahiti,Society,Pacific
46.91694419214855,3.310122111212029,14.441416893732969,12.029468160258352,0.18165304268846502,6.418407508325765,12.100111010192755,2.6440609546876574,1.5137753557372087,0.4440407710162479,Tahiti,Society,Pacific
46.97091273821465,2.8686058174523574,12.407221664994985,11.303911735205617,0.17051153460381147,11.123370110330994,11.273821464393182,2.2567703109327986,1.2337011033099299,0.39117352056168514,Tahiti,Society,Pacific
46.4206268958544,3.083923154701719,13.13447927199191,11.567239635995955,0.19211324570273003,9.615773508594541,11.526794742163803,2.5176946410515675,1.2537917087967645,0.6875631951466128,Tahiti,Society,Pacific
46.619617469571445,3.25253145136545,11.373631993454024,11.598649892605094,0.16364938120077735,12.478265316559272,9.911015648972077,2.158126214585251,1.9740206607343764,0.4704919709522349,Tahiti,Society,Pacific
45.45640396606358,3.3220893386486763,11.632423591945212,13.012368394153123,0.1737708269447,11.9901870591843,10.313809669835429,2.7701114177655115,0.8177450679750589,0.5110906674844118,Tahiti,Society,Pacific
43.90788272293802,4.311656690676677,14.304555138480268,12.062493659328398,0.21304656589225934,6.07689966521254,10.561022623516283,4.7073145987623,2.5159784924419193,1.3391498427513442,Tahiti,Society,Pacific
44.211495193291064,3.3135610554305592,10.820208631622009,12.354264675802824,0.1840867253016977,13.080384536715076,11.352014726938025,2.566987113929229,1.4931478830026592,0.6238494579668644,Tahiti,Society,Pacific
46.23884833738848,2.7575020275750206,12.479724249797243,12.145174371451745,0.1723438767234388,11.222627737226277,11.37469586374696,2.2607461476074615,0.9935117599351176,0.3548256285482563,Tahiti,Society,Pacific
45.72241414346677,3.403779719569193,14.255232676285306,11.837024994919732,0.19305019305019305,7.986181670392196,11.501727291200975,3.068482015850437,1.4834383255435886,0.5486689697216014,Tahiti,Society,Pacific
45.81497797356829,2.8890482532527404,10.357545333469933,12.170884130724314,0.18440733531400472,13.973978076016804,10.900522487450058,2.130929208072944,1.0961991599221395,0.4815080422087901,Tahiti,Society,Pacific
43.3387489845654,3.2696994313566217,11.799350121852154,12.479691307879772,0.19293257514216086,12.357839155158409,11.606417546709993,2.883834281072299,1.4825345247766046,0.5889520714865963,Tahiti,Society,Pacific
42.70357975864517,3.43778521448129,9.664334246019674,12.899300273805903,0.1926782273603083,14.765236791400469,11.195619105567387,2.738059020383328,1.4095933475306763,0.9938140148058007,Tahiti,Society,Pacific
43.05001534212949,3.007057379564283,10.698578296000818,12.958985373836555,0.1841055538508745,14.390917459343356,11.087245576352663,2.7615833077631176,1.3603354812314614,0.5011762299273805,Tahiti,Society,Pacific
43.69202226345084,4.834054834054834,14.862914862914863,13.26530612244898,0.1855287569573284,7.132549989692848,13.131313131313133,1.6903731189445474,0.6493506493506493,0.5565862708719852,Tahiti,Society,Pacific
43.974007513453145,4.4573053101837745,13.300842725149762,12.945476698141945,0.15229972586049345,8.356178292212409,11.584932480454869,3.1272210376687988,1.6042237790638645,0.4975124378109453,Tahiti,Society,Pacific
45.0595727198028,3.800328677074775,13.105998356614629,13.393590797041908,0.16433853738701729,8.247740345110929,11.442070665571078,2.845110928512737,1.4995891536565327,0.4416598192276089,Tahiti,Society,Pacific
45.94014627552449,3.208646280609881,12.945576031517222,12.569433894702481,0.16144132229483676,8.980173552650296,12.491522312562996,2.3207190079882785,1.0594586775598662,0.32288264458967353,Tahiti,Society,Pacific
45.32132356257769,4.128523016577437,15.774655108116772,12.181591256831679,0.1437794085375227,6.541963088457282,10.896425175593683,2.629109184686129,1.817782522224394,0.5648476763974106,Tahiti,Society,Pacific
47.05068431074761,2.5745096542287578,13.379341510165196,11.108465875644859,0.17230970126727907,10.74401666725387,9.892604025697903,3.2333408649565896,1.2467113679926662,0.5980160220452626,Tahiti,Society,Pacific
47.044541695054356,2.5741735438482998,13.377594794802187,11.120070946655158,0.17228720569063424,10.742614001886604,9.891312514944648,3.2329187420771954,1.2465486058792947,0.5979379491616129,Tahiti,Society,Pacific
45.41494637934467,3.462541861461268,11.407838811421499,12.065863976639879,0.17518812989536178,11.789130623546699,11.479975100201942,1.7931020353995852,1.7827968512880932,0.628616230801004,Tahiti,Society,Pacific
45.54526015680685,3.573974137053254,13.644231748294475,13.338763873332656,0.19346298747581717,9.591691273801041,9.398228286325223,2.89176254963853,1.3440586498319929,0.47856633744017923,Tahiti,Society,Pacific
44.36044753553069,3.5379498034472325,11.450458623122667,12.87168632194335,0.20159258139300476,12.408023384739442,10.422336458018345,2.6711017034573126,1.4514665860296339,0.6249370023183146,Mehetia,Society,Pacific
46.15306742255518,3.8266855638793276,13.494634541405146,12.057096578254708,0.17209961530674228,8.594857258554365,10.305729904839039,2.8851994330836206,1.8627252480259167,0.6479044340959709,Mehetia,Society,Pacific
46.05569620253164,3.726582278481013,13.194936708860757,12.091139240506328,0.1620253164556962,9.377215189873416,10.015189873417722,2.8253164556962025,1.9139240506329112,0.6379746835443038,Mehetia,Society,Pacific
46.24670318523027,3.864881314668289,13.69446135118685,12.010549807263136,0.17244877257050112,8.196388719821464,10.24548589977683,2.941773179143842,1.9679448163927773,0.6593629539460336,Mehetia,Society,Pacific
46.78285540581619,3.9213699462964846,13.942648697943055,11.733711622251496,0.17225656094842437,7.255041037592462,10.436721045698654,3.161414530347553,1.9252203870706253,0.6687607660350594,Mehetia,Society,Pacific
46.46587567183856,3.9752560592232027,14.166920190650037,11.753371868978805,0.16225534935604907,6.97698002231011,10.57702058614745,3.001723963086908,2.0281918669506136,0.8924044214582699,Mehetia,Society,Pacific
46.00284784377543,3.8039056143205867,13.537428803905616,12.133848657445077,0.17290480065093575,8.736777868185518,10.13018714401953,2.9393816110659077,1.8917819365337676,0.6509357200976404,Mehetia,Society,Pacific
45.9546925566343,3.8127022653721676,13.511326860841422,12.166262135922329,0.17192556634304207,8.717637540453072,10.16383495145631,3.064320388349514,1.7799352750809059,0.6573624595469255,Mehetia,Society,Pacific
46.30981346309813,3.923357664233577,14.010543390105434,11.901865369018653,0.1723438767234388,7.583130575831307,10.421735604217355,3.051500405515004,1.9464720194647203,0.6792376317923764,Mehetia,Society,Pacific
44.232678204261155,3.7022946514579815,11.947848390439194,13.134527152772552,0.18460194938017638,12.850346809631166,9.804414644858257,2.3075243672522046,1.2922136456612348,0.5435501842860749,Mehetia,Society,Pacific
44.24977080574513,3.1577875114597127,10.889273708872363,12.4885402872568,0.16298258123663034,14.301721503514312,9.93175104410716,2.7095854130589796,1.4770296424569622,0.6315575022919425,Mehetia,Society,Pacific
45.66703519577785,3.938051092562024,14.265179869150458,11.998915559180386,0.18459614496384488,7.301803067458754,10.552746287099799,3.3842626576704893,1.9997915704416527,0.7076185556947386,Mehetia,Society,Pacific
44.80694915233464,2.757664980882233,11.745610103757656,13.23568884224236,0.17363075805554795,11.755823677760924,10.356564039313273,3.002790756960653,1.4911818044770588,0.6740958842156568,Mehetia,Society,Pacific
46.28776241679468,4.106502816180236,13.671274961597543,12.083973374295958,0.16385048643113162,9.206349206349207,9.185867895545316,2.9288274449564775,1.7204301075268817,0.6451612903225807,Mehetia,Society,Pacific
43.4209191437557,3.3681647560109567,10.398701430455514,13.0770011159582,0.17246626762706707,14.90311453789185,10.297250684792534,2.769605356599371,1.0652328294612965,0.5275438774474992,Mehetia,Society,Pacific
44.72037149202503,3.684635574399354,11.508176862507572,12.911366848374723,0.16151827175449224,12.043206137694327,9.953563496870583,2.866949323642237,1.6050878255602665,0.5451241671714113,Mehetia,Society,Pacific
44.428701548426275,3.785041999797592,11.345005566238237,13.14644266774618,0.16192693047262424,12.04331545390143,10.150794454002632,2.8640825827345417,1.5484262726444695,0.5262625240360288,Mehetia,Society,Pacific
44.23822149704264,3.661023862941057,11.187028349989804,13.165408933306141,0.1733632469916378,12.655517030389559,9.861309402406691,3.049153579441159,1.4786865184580869,0.530287579033245,Mehetia,Society,Pacific
46.360309068727126,3.9446929646197644,13.694591297275316,12.759251728344855,0.1728344855632371,8.011386742578285,9.29239528263522,3.283855225701505,1.7791785278568524,0.7015046766978446,Mehetia,Society,Pacific
46.42893426800772,3.891090114802397,13.095600934674387,12.780656303972366,0.17271157167530224,8.635578583765112,9.793762064411258,2.966575231128721,1.5442446408615258,0.690846286701209,Mehetia,Society,Pacific
47.300040600893226,3.8266341859520914,14.362565976451485,12.29192042224929,0.16240357287860338,6.922452293950468,8.952496954933011,3.491676816889972,1.9386926512383273,0.7511165245635405,Mehetia,Society,Pacific
46.33920864144994,3.9704740443885522,14.03445195638627,11.65950423089223,0.1735168605516848,7.481638752022644,10.14563290519851,3.511164707634092,1.9903404592693255,0.6940674422067392,Mehetia,Society,Pacific
43.441095794094906,3.4498246719016517,10.164661979710225,13.035669729145843,0.17454470066169073,14.887636232908916,10.749900093693542,2.4949624859288733,1.0780702099692663,0.5236341019850722,Mehetia,Society,Pacific
44.2164525448139,4.630366364110896,14.620609766765913,12.580304180418366,0.2938306883133829,6.170444454581041,12.300360538360236,3.1206845517421358,1.8744371495853736,0.1925097613087681,Mehetia,Society,Pacific
46.61585558988321,3.8383474911758144,13.7172043049259,11.471036282612525,0.1749380894101578,8.016280685324288,10.03321395146493,3.3958570297265913,2.0580951695312675,0.6791714059453183,Mehetia,Society,Pacific
46.34278859242534,3.806473251574791,13.680792304719072,11.724610910387865,0.18418418959232857,8.042709612198347,10.160827792510126,3.376710142526024,2.0055611755609113,0.6753420285052049,Mehetia,Society,Pacific
46.02370546499857,3.6868121867822623,12.852636928921498,11.833983011087515,0.1945817543023972,8.479668029599202,11.49056464880472,3.0723434889852186,1.7102712088684382,0.65543327765018,Mehetia,Society,Pacific
46.36760473982319,3.972907102156657,14.043052096312092,11.666649031997608,0.17362318955440406,7.486223408434009,10.151850024533978,3.4724637910880802,1.9915601154769875,0.6740665006229803,Mehetia,Society,Pacific
45.17713527512936,3.8480859691089395,11.200859159427333,12.019220795517136,0.181799337123257,12.93805282527179,9.958563689085075,2.636090388287226,1.494794549680113,0.545398011369771,Mehetia,Society,Pacific
48.33129833129833,2.9507529507529506,12.87138787138787,11.263736263736265,0.1628001628001628,10.378510378510377,9.564509564509564,2.808302808302808,1.2413512413512413,0.42735042735042733,Maupiti,Society,Pacific
47.799836266884974,3.2030290626279165,13.200982398690137,11.696684404420795,0.15349979533360622,8.176422431436759,11.81948424068768,2.1899304134261155,1.361031518624642,0.39909946786737616,Huahine,Society,Pacific
45.46010394374809,3.566697238357281,13.716498522368287,12.289819627025373,0.15285845307245488,7.306634056863344,13.431162743299701,2.1909711607051867,1.4470600224192396,0.43819423214103737,Huahine,Society,Pacific
47.11857588253043,3.3088605048778037,13.185155385698483,11.767072312179423,0.16091722820074428,8.83033289751584,11.606155083978678,2.3232424821482454,1.2873378256059542,0.4123503972644071,Huahine,Society,Pacific
48.10739880892299,2.695064096093671,12.021802765721208,11.163823559099628,0.1514080952861613,12.031896638740285,9.175330574341375,2.3417785404259615,1.8774603815484003,0.43403653982032914,Huahine,Society,Pacific
47.257640153815025,2.4590163934426235,11.080752884031572,11.606962153410242,0.1517911353976928,14.521351953045944,8.76340821696013,2.206031167779802,1.5685083991094921,0.3845375430074884,Huahine,Society,Pacific
46.76621935223489,2.6939763898698414,11.522550701241045,11.108868933508223,0.1614367874079306,13.601049339118152,9.69629704368883,2.3711028150539804,1.634547472505297,0.4439511653718091,Huahine,Society,Pacific
47.112953787036105,2.7100819091920316,11.7908787541713,11.426837900697745,0.16179593487713623,13.206593184346243,9.18191930427748,2.103347153402771,1.8707654970168877,0.4348265749823036,Huahine,Society,Pacific
49.569794513614745,2.9152748253871854,13.311063872861627,11.043627897560485,0.1619597125215103,9.2114586496609,8.806559368357123,2.4091507237574654,2.0953537807470393,0.47575665553193647,Huahine,Society,Pacific
48.83014281373443,2.582801580066849,11.79985819912894,11.566899625240556,0.17218677200445662,11.242783348526284,9.054998480704954,2.603058847361491,1.752253620986529,0.39501671224551815,Huahine,Society,Pacific
47.97126378629971,2.610543357280178,12.030759890721441,10.65465951634119,0.15177577658605684,12.111706971567338,10.229687341900233,2.023677021147425,1.7909541637154711,0.4249721744409592,Huahine,Society,Pacific
47.113631760178244,2.693943690500304,11.646749037877251,11.6670042535953,0.1721693336034029,12.811423941664978,9.398420093173991,2.1976909054081424,1.8027141989062183,0.49625278509216114,Huahine,Society,Pacific
47.20421393841168,2.6235818476499193,11.436385737439222,11.638978930307943,0.16207455429497572,13.502836304700164,9.410453808752028,2.1069692058346843,1.5194489465153973,0.3950567260940033,Huahine,Society,Pacific
47.39773187525315,2.420008100445525,11.695018226002434,11.23936816524909,0.162008910490077,13.801134062373436,9.467395706763874,1.8732280275415154,1.5795868772782506,0.36452004860267323,Huahine,Society,Pacific
47.30551053484602,2.5121555915721228,11.669367909238247,11.7402755267423,0.17220421393841168,13.087520259319286,9.228119935170175,2.198136142625607,1.6815235008103724,0.4051863857374392,Huahine,Society,Pacific
47.421217955213294,2.5129192420711317,11.490525889147838,11.865437227682643,0.16212382206910528,13.243489715270037,9.109332252507853,2.127875164657007,1.6719019150876484,0.39517681629344414,Huahine,Society,Pacific
49.92178818507545,2.6957360246102455,13.681367042194855,10.067813975972479,0.14188084340053925,9.181717437206325,8.918224442319609,2.7362734084389713,2.107943959093726,0.5472546816877943,Huahine,Society,Pacific
47.514547612581254,2.547778562434927,11.185864445431433,11.79204897386645,0.16240819521497546,14.41372732532907,8.435075638977787,2.1519085865984247,1.3804696593272914,0.4161710002383746,Huahine,Society,Pacific
48.66304681897346,3.380801147423419,14.95748386435816,11.474234197315848,0.16391763139022641,6.003483249667043,10.39852474131749,2.9095379571765188,1.5981969060547077,0.45077348632312264,Bora Bora,Society,Pacific
47.41379310344827,3.0377668308702788,13.957307060755333,11.545566502463053,0.16420361247947451,9.852216748768472,9.646962233169129,3.14039408866995,0.779967159277504,0.46182266009852213,Bora Bora,Society,Pacific
47.82034346103038,3.1704095112285344,12.620668631236665,11.21837211665481,0.1524235341936795,10.46641601463266,10.29366934254649,2.306676150797683,1.554720048775531,0.3963011889035668,Bora Bora,Society,Pacific
46.60775949624213,2.7320739386552915,11.476741824091002,11.45642900670323,0.1625025391021735,13.447085110704856,10.694698354661792,2.407068860450945,0.6703229737964657,0.3453178955921187,Bora Bora,Society,Pacific
47.035532994923855,3.025380710659898,11.370558375634516,11.857868020304569,0.16243654822335024,12.883248730964466,9.197969543147208,2.314720812182741,1.7055837563451774,0.4467005076142132,Bora Bora,Society,Pacific
47.700535792716124,3.5521675590320516,14.14777593511623,11.926542636342443,0.1725338528672711,6.728820261823573,11.37708523907123,2.5169644418284256,1.34982367243218,0.5277506087704763,Bora Bora,Society,Pacific
48.25316455696203,3.30126582278481,14.318987341772152,11.341772151898734,0.1620253164556962,6.906329113924051,11.017721518987344,2.754430379746836,1.539240506329114,0.40506329113924056,Bora Bora,Society,Pacific
48.8479262672811,3.420378904249872,15.5657962109575,10.670762928827445,0.1638504864311316,6.103430619559651,9.421402969790066,3.277009728622632,1.9457245263696874,0.5837173579109062,Bora Bora,Society,Pacific
46.24145863241993,3.622745034189142,12.72077517686869,13.054119179460603,0.030875667905021095,10.106635294243572,9.869921840305077,2.387718317988298,1.5129077273460336,0.45284312927364273,Moorea,Society,Pacific
47.2567197301789,3.3637595641273172,13.783209921302179,11.62952388998447,0.06153218714867044,8.409398910318293,11.465497538702259,2.3382231116494765,1.2203883784486305,0.47174676813980676,Moorea,Society,Pacific
47.76685177018284,3.720636128065885,14.63789994493866,11.876988144850458,0.030580570915610013,6.0447595176522455,10.733780391379113,2.925541284260025,1.6921249239970872,0.5708373237580536,Moorea,Society,Pacific
43.13761082540322,3.927136059616807,11.923475116407618,13.257986982934188,0.17250985274802513,12.552628697018061,10.391181718469278,2.44558085366318,1.5627363131291687,0.6291535806104446,Raiatea,Society,Pacific
44.289522247283166,3.6907935206069302,11.708017223703095,12.692228829198276,0.1742874718064384,11.943817920852982,11.533729751896656,2.8296083657986464,0.5843756407627639,0.5536190280910396,Raiatea,Society,Pacific
43.129982281501185,3.926441576791569,11.921366544522204,13.273326619084417,0.17247934575053403,12.55040886431827,10.389344120502756,2.445148372110512,1.5624599556224847,0.6290423197960653,Raiatea,Society,Pacific
47.07437050810937,2.5038311859039872,16.12621633174009,11.982118194848804,0.17490480571023434,8.31032150791829,10.146897232437277,2.876280377431306,0.4928423841434,0.31221747175723286,Santiago,Galapagos,Pacific
47.20831592409466,1.9136309930992925,16.80019970618169,11.019007723555072,0.17122151837349114,8.710952504128672,10.739635196831976,2.8908974465542787,0.305317920478742,0.2408210667021266,Santiago,Galapagos,Pacific
46.6733215938036,2.3904333121068775,16.07689811626033,11.909422597078546,0.17925051658262722,8.762949085746218,10.506852029942298,2.8589416716483855,0.37222783568123924,0.2697032411498674,Santiago,Galapagos,Pacific
46.82061343854535,1.9741484638780356,16.99859117536785,11.505518088568637,0.18262504408527674,8.380376837788532,10.555450934627913,3.077535666354408,0.2627427371166511,0.24239761366735285,Santiago,Galapagos,Pacific
47.0216687611393,1.774314338302413,16.004460368240817,11.34683934097226,0.1947427109220378,9.274106235361524,10.584261106406629,3.0978322637187277,0.3702099745835501,0.33156490035275504,Santiago,Galapagos,Pacific
46.63861212636562,2.422576553987119,15.965278246277995,11.838592156215208,0.1767119147358285,9.570525174098556,9.436882615675152,3.10210975072489,0.49515808556412244,0.3535533763555213,Santiago,Galapagos,Pacific
47.481193370948944,2.6268167559065776,15.78192264066638,11.900444625579997,0.17446937810209454,8.152801306270126,10.18702223288989,2.944443851547692,0.44895484496096716,0.30193099312734223,Santiago,Galapagos,Pacific
47.139102304892845,2.5272947836635664,16.285887585928023,12.04003234937323,0.20218358269308534,7.591993530125353,10.149615851192882,3.2753740396279825,0.495349777598059,0.29316619490497364,Santiago,Galapagos,Pacific
47.25937701799343,2.2848044868750006,15.181924550945727,11.764458302919378,0.16033715697368428,9.91084051543586,9.489955478379938,2.8860688255263165,0.791664712557566,0.2705689523930922,Santiago,Galapagos,Pacific
45.4405238228895,2.084704882832032,15.589966949874325,10.820957789963062,0.19134972354496912,11.652191060080488,10.967360470551126,2.940743119743736,0.18127868546365494,0.13092349505708414,Santiago,Galapagos,Pacific
45.74708343365063,1.7280011864675895,13.973836184209004,11.582274551380927,0.1698035847973932,14.373374030791105,9.129439794401021,2.906637833884789,0.23972270794926095,0.1498266924682881,Santiago,Galapagos,Pacific
47.25952740472595,2.2499775002249978,16.949830501694983,10.719892801071989,0.1799982000179998,7.929920700792992,11.20988790112099,2.919970800291997,0.2999970000299997,0.28099719002809975,Santiago,Galapagos,Pacific
46.527414820301836,2.4917661772074835,15.979477904435926,12.012963215567678,0.17683920663714717,9.356690341757318,9.5712161013251,3.0550772893881892,0.48696938002524803,0.3415855633540512,Santiago,Galapagos,Pacific
46.46584265910026,2.718647535538545,15.560863343829592,12.741189856431445,0.1894238137398551,8.799809036483794,9.477463746623922,3.245646145796906,0.4644014833005347,0.3367123791551375,Santiago,Galapagos,Pacific
47.17397071656303,2.415594776430016,15.371966759100102,12.210098930983525,0.20961772853318317,7.5662018203882315,11.239502968017346,3.234102097369113,0.30943569450136565,0.2695085081140927,Santiago,Galapagos,Pacific
48.139871301870656,2.6563438498495224,14.533559454349113,12.320297829679546,0.17301856493272755,7.969031549548568,10.36075877067745,3.124511731432197,0.45799031893957287,0.2646166287206421,Cowley,Galapagos,Pacific
48.43484348434844,2.3902390239023905,15.221522152215222,9.85098509850985,0.17001700170017003,8.650865086508652,11.101110111011101,3.2703270327032707,0.59005900590059,0.32003200320032005,Isabela,Galapagos,Pacific
47.49003984063745,2.599601593625498,15.667330677290837,10.647410358565736,0.1792828685258964,9.352589641434262,10.139442231075696,2.9780876494023905,0.6075697211155378,0.3386454183266932,Isabela,Galapagos,Pacific
47.27309116381468,2.62183528469929,15.390773541479035,11.197838486940858,0.18012608826178325,9.61673171219854,9.806864805363755,2.9420594416091266,0.6404483138196738,0.3302311618132693,Isabela,Galapagos,Pacific
47.74361022364217,2.436102236421725,15.025958466453673,11.092252396166133,0.16972843450479233,9.87420127795527,9.94408945686901,2.8654153354632586,0.5491214057507987,0.29952076677316286,Isabela,Galapagos,Pacific
47.979747840762435,2.5513749627717663,15.34795989278269,10.662166186836098,0.16876799364638143,9.520500347463518,9.838181276680235,2.978258711406731,0.6254343293954135,0.32760845825474044,Isabela,Galapagos,Pacific
48.72279097505218,2.5146605705198284,15.624689394692377,10.327005267866017,0.15902991750323028,9.164098996123645,9.283371434251068,3.30981015803598,0.5069078620415465,0.3876354239141238,Isabela,Galapagos,Pacific
47.91854749724145,3.1698264620323,15.558230514595243,11.977129100210652,0.18055973517905505,7.302638178352893,9.780318988865481,3.1698264620323,0.5717724947336742,0.37115056675694647,Isabela,Galapagos,Pacific
48.89244462223112,2.660133006650333,15.490774538726937,10.220511025551279,0.18500925046252314,7.0303515175758795,11.280564028201411,3.2301615080754043,0.6600330016500826,0.3500175008750438,Isabela,Galapagos,Pacific
47.12026260817667,2.1884014721973544,15.696806923306477,10.802745449119666,0.15915647070526212,10.68337809609072,9.758281110116386,2.815080075599324,0.4874166915348653,0.2884711031532876,Isabela,Galapagos,Pacific
48.51029794041192,3.4193161367726455,14.69706058788242,12.037592481503697,0.17996400719856026,7.00859828034393,9.578084383123374,3.3993201359728045,0.7298540291941611,0.43991201759648063,Isabela,Galapagos,Pacific
47.35317618857372,2.616859768278067,15.6512185377547,10.77706751897723,0.17978425888933283,9.348781462245308,10.117858569716343,2.986416300439474,0.6292449061126649,0.3395924890131843,Isabela,Galapagos,Pacific
49.28831694287427,1.920058761968579,15.881337100325215,11.59559232127649,0.18383541337997034,7.169581121818842,9.396032239420705,3.564364403867203,0.6332108683087867,0.36767082675994067,Santa Fe (Barrington),Galapagos,Pacific
48.2707930771084,2.139482175220085,16.586080863134754,10.946601459053488,0.17319617608924498,7.314991437181052,9.8314299956542,3.6880597496650993,0.6214686318496437,0.427896435044017,Santa Fe (Barrington),Galapagos,Pacific
47.18795445045334,1.9190306818463474,15.756251914106853,10.866074908978861,0.18180290670123292,9.787056477416371,10.332465197520072,3.0603489294707535,0.5555088815871005,0.35350565191906397,Santa Fe (Barrington),Galapagos,Pacific
46.04090089391356,1.6694603644363586,14.52229377256688,9.76868439925897,0.18102582264972564,13.033859230780248,10.811264408247503,2.8360712215123685,0.8749581428070073,0.2614817438273815,Floreana,Galapagos,Pacific
47.99411407576495,1.3199142859846504,15.94050329996847,9.474186355083503,0.18275736267479775,8.711434287498692,12.356428354179382,2.8327391214593654,0.9543995606350549,0.23352329675113045,Floreana,Galapagos,Pacific
48.81412887536133,1.413575815349005,16.464598885252084,10.76167064973009,0.2135618138297058,7.942465552428582,9.28485409650102,3.4780066823694944,1.271201272795868,0.355936356382843,Floreana,Galapagos,Pacific
48.19957621123344,1.3932847752723532,15.326132527995886,9.799955200846341,0.20192532974961644,10.308288083717919,10.368865682642802,3.2005164765314205,0.9288565168482356,0.2725991951619822,Floreana,Galapagos,Pacific
46.72819354180655,1.7145168711605092,14.720496923395853,10.023372009925692,0.1927563346275129,11.43349416448458,10.753774458166507,3.1652619159886326,0.984071813624671,0.2840619668194927,Floreana,Galapagos,Pacific
47.00814868566226,1.7792331545540985,15.63905505735904,10.431785515060703,0.20218558574478393,9.603815322877237,10.827038116633181,3.4068271197996096,0.7581959465429398,0.3437154957661327,Floreana,Galapagos,Pacific
49.0617075610888,1.8314200250924895,15.851957772744992,9.83308743127978,0.18314200250924895,9.085878235597738,9.706526132990193,3.1541122654370652,0.9767573467159945,0.3154112265437065,Floreana,Galapagos,Pacific
46.465890880940194,1.6526992876385278,14.573802809176112,9.662455301746126,0.1702781084233635,12.640645460604983,11.278420593218076,2.544155267031431,0.761243308245625,0.25040898297553454,Floreana,Galapagos,Pacific
47.52154729670806,1.6442739560159558,15.204459173530257,9.351785795194433,0.1928469454586615,11.580966566754356,10.728380071042379,2.61865852254393,0.9337852095893082,0.22329646316266066,Floreana,Galapagos,Pacific
47.2202193392865,1.2258413516527926,15.014023827681314,9.753762309726627,0.20261840523186658,11.954485908680129,10.728644557027335,2.7961339921997586,0.9117828235433995,0.19248748497027324,Floreana,Galapagos,Pacific
48.01828692035172,1.195896550570178,14.827090283764155,8.888898393000835,0.1824248975446034,12.516374914865844,9.810405601287561,3.1924357070305596,1.1350882513886436,0.23309848019588214,Floreana,Galapagos,Pacific
48.12419666207741,1.223325167250287,15.225848775858944,8.847109851829844,0.18198225628516665,11.586203650155612,9.928143092890759,3.3970021173231104,1.2334352925994627,0.2527531337293981,Floreana,Galapagos,Pacific
47.9566611308328,1.0887785163190966,15.10176127264821,9.328944668759704,0.1915443686116929,11.391849291116474,10.534940273643109,3.236091701281759,0.9778844081754847,0.1915443686116929,Floreana,Galapagos,Pacific
46.68937650266985,1.567701836938549,14.913266192415426,9.636058219542132,0.19093804424251554,12.742602110500512,10.481493691839141,2.763576956141672,0.8240484014676986,0.19093804424251554,Floreana,Galapagos,Pacific
48.06712825042288,1.2985631946083007,15.785658834457156,8.91796592817716,0.1826104492417923,11.078367254002066,10.134879932919471,3.2362629615628746,1.044937570661367,0.2536256239469337,Floreana,Galapagos,Pacific
47.511288011070484,1.833556916457767,16.5624591794317,10.065040696601717,0.17126630538341778,7.938696978949013,12.018864842495141,3.0626445197975887,0.5843203360140136,0.2518622137991438,Floreana,Galapagos,Pacific
46.09950946313226,2.167720286774402,15.255078279823596,10.546084801379692,0.17220207885591046,11.213394193734874,9.5825392116289,3.4440415771182087,1.1547668817396348,0.3646632258125162,Floreana,Galapagos,Pacific
46.39211334073208,1.6697161482547966,14.387554115800317,9.778337682593959,0.16897127488326988,13.297739384304668,10.598198306287932,2.659547876860934,0.8298589239829229,0.21796294629912918,Floreana,Galapagos,Pacific
47.13141394241827,1.2700381011430342,14.040421212636375,9.150274508235245,0.16400492014760443,13.540406212186362,10.800324009720292,2.7900837025110747,0.890026700801024,0.223006690200706,Floreana,Galapagos,Pacific
46.82999999999999,1.1899999999999997,13.969999999999999,9.029999999999998,0.17999999999999997,13.139999999999999,12.209999999999999,2.4299999999999997,0.8499999999999999,0.16999999999999998,Floreana,Galapagos,Pacific
47.53524647535246,2.30976902309769,16.88831116888311,10.65893410658934,0.2999700029997,8.68913108689131,9.44905509449055,3.05969403059694,0.8199180081991799,0.28997100289971,Floreana,Galapagos,Pacific
47.251939577182505,1.2157796345264256,14.57913897873285,9.163893020382803,0.18389944051660218,12.893394107330664,10.768333905805482,2.6154587095694533,1.1136132786838688,0.2145493472693692,Floreana,Galapagos,Pacific
47.97472371927082,1.3368833880503037,15.940548489576903,10.62271211798047,0.33677215118824444,7.9294533779777545,9.419415016568172,4.673989249824726,1.3368833880503037,0.4286191015123111,Floreana,Galapagos,Pacific
48.67709561850508,1.7737409583554649,16.981554061528172,8.894214411742036,0.17132725165933468,7.165510348810996,11.85181458537515,3.4467011804407326,0.7659335956534962,0.27210798792953156,Floreana,Galapagos,Pacific
45.42434534751726,1.8013620098156218,15.591788951626324,9.671702774467777,0.18013620098156216,13.079889704605652,10.23774075578545,2.8621640822625984,0.9307037050714044,0.22016646786635374,Floreana,Galapagos,Pacific
46.45424063989337,2.0236892866533522,16.209650505034315,11.179169717134954,0.1912940121712124,10.501034457609187,9.252589325544431,3.66479054896428,0.28190696530494463,0.24163454168995252,Santa Cruz,Galapagos,Pacific
46.73946825412252,1.6080151652639343,15.770432032016465,10.72126052560775,0.1728700957649998,10.833659847549402,10.62289705236947,2.869778628476609,0.35345377019059904,0.30816462863824645,Santa Cruz,Galapagos,Pacific
47.3991897979256,2.241239645397121,16.738627621929847,10.02735261360748,0.16153078525384654,8.450079203591846,10.741797219380796,3.1700416606067385,0.7470798817990403,0.3230615705076931,San Cristobal,Galapagos,Pacific
46.46511816779012,1.482173312758871,15.765857224072107,9.794526110614806,0.17258182408836212,12.233005766263307,10.842199301551208,2.5582717453098414,0.4872898562494923,0.19897669130187612,San Cristobal,Galapagos,Pacific
47.54811749514499,1.8504773621546895,17.010157290575798,9.416082885117888,0.16267932854107098,9.191382062570538,10.955436031437799,2.9790652039083696,0.5795451079275669,0.30705723262127194,San Cristobal,Galapagos,Pacific
47.39615806052481,1.7257114736108807,16.840913733649703,9.161593402311874,0.16241990339867104,9.623379276371283,10.902436015635802,3.0656756766499207,0.8120995169933574,0.30961294085371704,San Cristobal,Galapagos,Pacific
47.07639583557597,1.6452513981987291,16.926911624412693,9.536407016220005,0.17159063662195392,10.184408961855995,10.800116540322993,2.7959180202518286,0.5854268778866647,0.2775730886531598,San Cristobal,Galapagos,Pacific
47.311600807867784,1.7763420170300095,17.428452818517297,9.307081978516008,0.16240841298560094,9.571945840338826,10.607299473121996,2.852297753059609,0.6496336519424017,0.3329372466204809,San Cristobal,Galapagos,Pacific
47.05504135424234,1.8478696497481417,16.257213858439915,9.758326377955338,0.16156237374847113,10.28950367810581,10.55204253544701,3.0292945077838427,0.7876165720237986,0.26152909250533823,San Cristobal,Galapagos,Pacific
47.133423534400926,1.6761243159191408,16.05444374886411,9.623578828328526,0.1716512853652131,11.066459338839605,10.218300046446807,3.008946061107862,0.7471879480603414,0.29988489266746116,San Cristobal,Galapagos,Pacific
47.60892236971336,1.6706661401536989,17.79006308030339,8.957808086024114,0.1620039893482379,7.938195478063645,11.80604072375279,3.138827293622108,0.6480159573929506,0.2794568816257098,San Cristobal,Galapagos,Pacific
46.398072823295436,1.5232459889460077,15.069980317305879,10.014750951677385,0.17263454541388076,13.29285999686888,10.175283206159385,2.5793632079485764,0.5483685560205632,0.2254404063640097,San Cristobal,Galapagos,Pacific
47.37007746114253,1.725870803342101,17.106425315479008,9.721728713414086,0.1725870803342101,8.304484218434336,11.817138912295306,3.0151978152506116,0.4974568786103693,0.26903280169744515,San Cristobal,Galapagos,Pacific
47.23802136570879,1.8039386489569094,16.298375933017695,10.314882703719096,0.30415244662645596,9.690926230442926,10.529967462515897,2.989084389259989,0.5034247392437879,0.3272260805084629,Espanola,Galapagos,Pacific
47.23092354521464,1.9391888213963913,16.49833421345091,10.615578718891907,0.18275077897976413,9.421817938512298,10.183279517594608,3.1473745268737225,0.4670297685038423,0.3137221705819282,Espanola,Galapagos,Pacific
50.64239400180859,1.7644726784771094,16.620521379448196,9.453143716149578,0.31436007490109497,7.199859779992808,8.984613753624828,3.8230241367004085,0.8315331013512818,0.3660773775461129,Espanola,Galapagos,Pacific
47.1245359428397,1.95715139541969,16.3095949618307,10.8048638531179,0.183482943320596,9.84691795820531,10.0915618826328,2.98669457738526,0.38735288034348,0.307843604904555,Espanola,Galapagos,Pacific
48.03519130137006,2.0447000109223583,16.998476210205286,9.977250016629712,0.19328010053494887,8.229663228040735,10.671096076903293,2.9805826029863276,0.5289771172535457,0.3407833351537268,Espanola,Galapagos,Pacific
48.63122565516441,1.8034206874008203,16.7504158761974,10.534031797010801,0.19358753141590704,7.733312439193331,9.445033769607662,3.5151420178151502,0.9577488396365911,0.43608138655793705,Espanola,Galapagos,Pacific
47.29245384275079,1.7707955602837593,16.527425229315096,10.027302360019096,0.19336273359420394,9.271234226543138,11.418578268036697,2.8190251160839193,0.4274334111029769,0.25238925227032893,Espanola,Galapagos,Pacific
46.75032683826282,1.8468763804132506,15.485348112695707,10.738029093246904,0.19280577597720708,10.756532765044206,10.675351385685405,2.831200605138991,0.4566452588933862,0.26688378464213414,Espanola,Galapagos,Pacific
48.610970146793065,1.3491690621061152,16.33312243367858,9.850976304727737,0.2248615103510192,8.667389126257468,10.302745565173971,3.444469499467885,0.8074572417150236,0.40883910972912585,Espanola,Galapagos,Pacific
46.96977507500533,1.2125758020216866,14.490781898540156,9.096899998853566,0.18038317716025087,12.817226865997828,10.702735178174885,2.605534781203624,1.1123629258215473,0.811724297221129,Espanola,Galapagos,Pacific
46.62876521045282,2.2541392379812484,12.966287652104528,11.23079992020746,0.16955914621982843,14.57211250748055,8.308398164771594,2.9423498902852585,0.5884699780570516,0.33911829243965685,Roca Redonda,Galapagos,Pacific
47.25373134328359,2.746268656716418,15.034825870646767,11.492537313432837,0.16915422885572143,9.37313432835821,9.343283582089553,3.4427860696517416,0.7363184079601991,0.40796019900497515,Roca Redonda,Galapagos,Pacific
46.9166500895166,2.7352297592997803,15.20787746170678,11.388502088720905,0.15914064054107813,9.16053312114581,9.777203103242488,3.520986671971354,0.7161328824348516,0.4177441814203301,Roca Redonda,Galapagos,Pacific
47.566547477155346,2.890345649582837,15.673420738974972,10.588001589193485,0.15891934843067146,8.64123957091776,9.72387763210171,3.5657528804131906,0.7250695272149384,0.4668255860150973,Roca Redonda,Galapagos,Pacific
47.47323363299652,3.4066904675430174,11.091783375206235,11.786756246327288,0.1603148455314361,12.133829871160568,8.897473926994705,2.384683327280112,2.1943094482115315,0.4709248587485935,Heard,Heard,Indian
49.65203998652301,3.356221427660454,12.703548567980464,11.135271452691853,0.1502785713877815,8.495748569122581,8.806324283323995,2.8853485706454047,2.424494285056208,0.39072428560823186,Heard,Heard,Indian
48.268517703876434,3.6667242589495177,13.063957469044182,11.587864521230905,0.15027558438317692,8.355322491704637,7.503760846866636,3.2760077395532576,3.165805644338928,0.9617637400523324,Heard,Heard,Indian
48.19077986347561,3.536662222828875,12.052704402445148,11.302915981008383,0.1603019704398357,10.42964695174181,8.836646120495944,2.7151146243247175,2.093944488870354,0.6812833743693018,Heard,Heard,Indian
47.71845570133356,4.408171427374925,14.386668567523616,11.095197166988447,0.17031571423948572,5.570325712773768,8.44565571199332,3.947317141785728,3.185905713420968,1.0719871425661749,Heard,Heard,Indian
48.42993614182738,4.188643349324198,14.9408307029722,10.605532728896733,0.16033084590714633,5.020359612467519,8.287100597825624,4.218705382931788,3.1565135287969435,0.9920471090504679,Heard,Heard,Indian
45.264792623416106,5.311122446404812,12.746693871371551,12.55687836353134,0.18037774346280494,7.1750257955204635,9.86064997596667,3.3169462825660236,2.3950155937561326,1.1924973040040994,Heard,Heard,Indian
42.732066236706984,4.589888915668808,9.751008547916486,13.523686783174348,0.170367055821768,13.288630354097902,10.522671094873905,2.6156353864400845,2.0243614868233606,0.7816841384763472,Heard,Heard,Indian
44.10722997776297,6.03329980609255,10.422976409196432,13.198655115336244,0.16035348321840662,9.240369470460683,11.755914738449437,2.1848162088507905,2.154749930747339,0.7416348598851307,Heard,Heard,Indian
47.21457656332996,3.5131706432069176,11.98133340746868,10.871063855288073,0.16245875806737192,10.661355998171281,10.76289272196339,2.558725439561108,1.8175073558787236,0.4569152570644835,Heard,Heard,Indian
49.66973630977892,3.5449771479156733,13.218558856634713,10.093771655404185,0.14019683635824698,8.101374329558698,8.231557106177071,3.0943444596213077,3.1243866388409325,0.7810966597102331,Heard,Heard,Indian
48.24426446834468,3.737302314993264,12.7048239555267,11.737543987196581,0.17033281328387534,8.546699395949743,9.718989934432885,2.755383744297983,1.7333868645947312,0.6512725213795233,Heard,Heard,Indian
47.64355860891148,3.827516170053457,12.925381830808796,11.16555402174358,0.1603148134053804,8.967609874863467,7.975661966917675,3.0259421030265554,3.4367488123778425,0.871711797891756,Heard,Heard,Indian
49.589429577299704,3.436196837376525,14.796684340539729,10.238123431796902,0.13023486555654468,5.680243751581602,8.064543597924498,3.736738834814705,3.3861065044701615,0.9416982586396307,Heard,Heard,Indian
48.62256764428118,3.166027483122369,11.221363231319787,11.411344918455756,0.13024796607781897,11.08109619092829,9.137395774074683,2.9556269225351226,1.8234715250894655,0.4508583441155272,Heard,Heard,Indian
51.21133849488595,3.1656461197934194,12.852923961059993,10.710747260383732,0.13023227708010904,8.154544118708367,7.583525673049427,2.9652887704394058,2.624681276537582,0.6010720480620416,Heard,Heard,Indian
47.96516096073967,4.979879882491669,14.338446905121888,11.915243366228863,0.13025842750984243,5.530973229648693,9.278407990316468,2.81558601002044,2.4047709694124753,0.6412722585099936,Heard,Heard,Indian
45.6055572334642,4.490083559851001,11.5775697171046,12.0507399577167,0.17114668277458975,11.275546159267087,9.463404812242022,2.2148394241417497,2.4161884627000902,0.7349239907379441,Heard,Heard,Indian
46.87972577880835,4.244379473737272,13.00534328057264,11.704808952515375,0.16130658332493195,8.972678697449341,9.073495312027422,2.822865208186309,2.3792721040427462,0.7561246093356185,Heard,Heard,Indian
46.053303379965286,3.1348922699887676,10.721944245889922,11.763504544062085,0.16338200755641785,14.193811906463802,9.292351679771265,2.246502603900746,1.9197385887879097,0.5105687736138058,Heard,Heard,Indian
43.065417676940235,4.688573698699139,9.407791669938796,12.551460926877295,0.17365087772959775,13.851211188313798,10.8378577218296,2.3698237431333338,2.073595775241667,0.980616721296552,Heard,Heard,Indian
46.21061190819617,3.161350704674221,9.900821821069746,11.33986866183745,0.16264183689642292,14.861397846410645,10.500563594625307,2.4904531274764765,0.9758510213785376,0.39643947743503094,Heard,Heard,Indian
47.591041753678134,3.844008248495096,11.178900628169467,10.891651310475885,0.1513389074210668,11.178900628169467,9.352744478621926,2.693832552094989,2.340708434779166,0.7768730580948094,Heard,Heard,Indian
48.75186338513079,3.6264193460660814,11.488656330512379,11.147730953411221,0.1498520390936397,10.88924817413782,8.691418267431104,2.6373958880480592,2.067958139492228,0.549457476676679,Heard,Heard,Indian
49.40336746647747,3.384206211770934,11.532488429993212,10.640840741572244,0.14100859215712228,10.736797088535166,8.833181094414016,2.4676503627496396,2.296425643701705,0.5640343686284891,Heard,Heard,Indian
48.096905445103665,3.8697510202193595,11.79924083684456,10.885733611899411,0.14999034962090538,10.599318039877314,9.069416473744079,2.6698282232521158,2.2198571743894,0.6399588250491963,Heard,Heard,Indian
49.23236093041508,3.3540049488191945,11.139728148330418,10.469219249087647,0.1510813040008646,11.441890756332146,8.954085283784577,2.5079496464143527,2.2259312122794053,0.5237485205363307,Heard,Heard,Indian
48.844068656980895,3.4160882373594,10.987418307296315,10.792151906851466,0.14982843146313157,11.586732033148841,9.149522881348569,2.437209151800274,2.137552288874011,0.4994281048771053,Heard,Heard,Indian
49.45914859671804,3.5054549310912178,10.637242549518177,10.409436330099746,0.15109719530565593,12.289238551526681,8.390930912640759,2.165726466047735,2.498140295720178,0.4935841713318094,Heard,Heard,Indian
46.083651247654714,4.9957940511838075,13.967832347187379,11.38073083083746,0.16312796901824675,6.249840313011578,10.297453044276827,3.313536870683137,2.610047504291948,0.9379858218549189,Heard,Heard,Indian
47.33263136327686,4.6930655725372175,13.466183869807006,11.304075496330878,0.1607902551618747,6.793388280589206,9.587118964026779,3.0148172842851504,2.7233849468042526,0.9245439671807795,Heard,Heard,Indian
48.01190824540725,2.937650399372058,11.982787024242723,10.336045198547716,0.1514252783181473,11.48813111507011,8.712001012570743,3.341451141553784,2.5136596200812455,0.5249409648362441,Heard,Heard,Indian
48.337481077785526,3.698169030483384,11.757765667569451,10.942462097435456,0.15074058548165964,10.451347260061736,8.94394140524514,2.7434786557662054,2.321405016417559,0.6532092037538585,Heard,Heard,Indian
49.65478042421427,3.7931437480302197,14.424061292509583,10.83583429630295,0.1517257499212088,6.180295546790572,8.921474095367078,3.115435398382154,2.2860012988128795,0.6372481496690771,Heard,Heard,Indian
49.18525082784988,3.355816502511143,11.820487978994473,10.725263670509547,0.1502604404109467,10.418057201825636,8.735140269223034,2.6646184766207877,2.354080233104831,0.5910243989497236,Heard,Heard,Indian
49.19502695240175,3.634855230288793,12.746889574711384,10.124469990804515,0.13941910472340577,8.813279120015292,8.424897328285805,2.987552244072981,3.2365149310790624,0.6970955236170289,Heard,Heard,Indian
50.19530315781581,3.514681186905413,13.432545915471836,10.001942366338694,0.14139522016286143,7.0192627152277645,8.615008771351485,3.2520900637458134,3.10059518499989,0.7271754179804302,Heard,Heard,Indian
49.9464736973711,3.054495503006559,12.237881005531166,10.384882750553501,0.13929295453450108,9.949496752464363,8.496870226604564,2.666465129660449,2.557020665383341,0.5671213148904686,Heard,Heard,Indian
51.292409677645104,3.300209304840731,13.717737471928343,9.830727095752193,0.13916545261376578,7.186901588553763,7.942371188457062,3.081520736447671,2.793249441747727,0.7157080420136526,Heard,Heard,Indian
43.99813649297116,6.697231415385498,12.034711977131254,13.934665419518563,0.14096554836870984,5.895420338281241,11.700841985306393,2.5927058671210057,2.35045797018028,0.6548629857358939,Heard,Heard,Indian
43.77343195865842,3.7693788631066973,12.898976593373188,12.574728949234975,0.2026547775863816,9.636234674232444,12.220083088458809,2.7662377140541086,1.4084507042253518,0.7498226770696118,Kosrae,Caroline,Pacific
44.04580926320057,4.114725853856287,14.188709840883751,12.374581939799329,0.2026958548697679,7.6314989358467615,11.10773284686328,3.607986216681868,1.773588730110469,0.952670517887909,Kosrae,Caroline,Pacific
45.254512269316564,3.265057797606976,13.790306225917663,13.557087811802877,0.17237882782397076,10.31230987629284,10.373149462583653,2.2612046238085575,0.6793753802474143,0.3346177245994727,Chuuk,Caroline,Pacific
45.643153526970956,3.279020342070641,14.006679485881996,13.470296528691428,0.17204736362716325,9.695374962048376,10.312721384475255,2.4187835239348243,0.647707721890497,0.35421516040886547,Chuuk,Caroline,Pacific
45.72104505245835,3.5280806418432427,14.71919358156758,13.155729273811973,0.17486113968319278,8.72248508537338,10.553384077350339,2.3657683604196666,0.689158609339642,0.3702941781526435,Chuuk,Caroline,Pacific
44.44332290299788,3.0988190168567677,14.686585242757646,13.879075401231452,0.13122034924800646,9.922277177753102,10.800444130412838,2.261027556273342,0.5551630160492581,0.22206520641970323,Chuuk,Caroline,Pacific
45.68456845684568,2.6402640264026402,12.051205120512051,14.431443144314429,0.17001700170017,12.44124412441244,9.38093809380938,2.29022902290229,0.62006200620062,0.29002900290029,Chuuk,Caroline,Pacific
46.84468446844684,2.9402940294029403,14.74147414741474,12.28122812281228,0.15001500150015,9.000900090008999,9.67096709670967,3.0503050305030497,0.9300930093009301,0.39003900390039,Chuuk,Caroline,Pacific
45.57544245575443,3.2696730326967307,14.148585141485853,13.228677132286773,0.14998500149985003,9.139086091390862,9.6990300969903,3.6996300369963007,0.5999400059994001,0.48995100489951005,Chuuk,Caroline,Pacific
47.457627118644055,3.9614883161167382,15.545080734128971,12.064988466553,0.18052351820278806,6.197974124962389,9.026175910139402,3.6806739544679563,1.2536355430749169,0.6318323137097581,Chuuk,Caroline,Pacific
48.09961992398479,1.7403480696139224,17.143428685737145,10.872174434886976,0.1500300060012002,7.64152830566113,10.162032406481295,3.540708141628325,0.45009001800360066,0.20004000800160027,Chuuk,Caroline,Pacific
41.76417641764176,3.5403540354035403,11.981198119811982,10.62106210621062,0.17001700170017,11.93119311931193,12.961296129612961,3.63036303630363,1.98019801980198,1.42014201420142,Chuuk,Caroline,Pacific
42.36000000000001,3.2200000000000006,11.570000000000002,9.880000000000003,0.18000000000000002,11.550000000000002,14.990000000000004,3.6800000000000006,1.4600000000000002,1.1100000000000003,Chuuk,Caroline,Pacific
44.72119721197212,3.4850348503485034,12.402624026240263,12.915129151291513,0.1947519475194752,10.88560885608856,11.787617876178762,1.9782697826978268,1.086510865108651,0.5432554325543255,Ponape,Caroline,Pacific
44.194142944910915,3.4712267048945327,11.41716158099529,12.871185746467336,0.17407331558468156,12.062256809338521,12.36944501331149,2.140077821011673,0.8601269711243089,0.4403030923612533,Ponape,Caroline,Pacific
45.58407437348423,3.738884397736459,14.217865804365399,12.641471301535972,0.1919967663702506,7.801131770412287,10.893290218270007,2.9810024252223117,1.343977364591754,0.6063055780113177,Ponape,Caroline,Pacific
42.400831284605346,2.6908219853691855,10.57982280611066,12.527900460460797,0.20385015040675644,14.656825814245789,11.109833197168227,4.40316324878594,1.039635767074458,0.38731528577283725,Ponape,Caroline,Pacific
46.14671337317123,2.4180919019163403,12.445909746548526,11.83803832680816,0.17514939212858027,11.858644137646817,11.271378528745107,2.5860292602513906,0.7521120956109623,0.5079332371728827,Ponape,Caroline,Pacific
46.26396469275116,2.398189581904011,12.441504449245832,11.724709954227551,0.17612664734734834,11.642790583368319,11.171754200927737,2.8978977441453253,0.7987138658775101,0.484348280205208,Ponape,Caroline,Pacific
45.001544322042626,2.4235560588901475,12.035416452177493,11.819211366210235,0.18325954905796354,12.426644702975395,11.82950684649439,2.862143518995161,0.8236384227324206,0.5950787604241738,Ponape,Caroline,Pacific
45.541593699755246,3.5464479195469396,13.948201173615166,12.88314029104837,0.19048204245906175,8.387354450213525,10.240970024680738,3.5024117484408124,1.1265067027148812,0.6328919475252697,Ponape,Caroline,Pacific
45.633118705292915,3.545954550556639,14.051163787385587,12.84706986805988,0.19081827365585363,8.336819763466973,10.285819243053501,3.3469729282951866,1.1224604332697274,0.6398024469637446,Ponape,Caroline,Pacific
45.63803888940249,3.5294238492907257,13.969780078682733,12.829599498731422,0.1900300966585519,8.433227532793033,10.230809528211767,3.358910357153863,1.1709962713013466,0.6491838977740799,Ponape,Caroline,Pacific
45.638590866115834,3.530028363546677,13.99679368602787,12.82525588851893,0.19011797591153862,8.457680766226828,10.328030583302505,3.2679738562091507,1.1304312081226624,0.6350968060180047,Ponape,Caroline,Pacific
44.061401428851255,2.599973196152617,11.618436923330687,12.391624828610015,0.1876269316811167,13.474087896001075,11.381325965711694,2.958732384202225,0.690714528716199,0.6360759167431264,Ponape,Caroline,Pacific
45.828316197886124,3.468255683513951,12.823283625099059,12.524828388238806,0.1862772340403635,10.1063118136816,10.837012565994629,2.408225014665473,1.276153426574866,0.5413360503051449,Ponape,Caroline,Pacific
43.82232636533679,3.9331154549752325,12.969928675669568,14.151815995560218,0.18807424307825127,10.102567264804426,10.811699656738815,2.4562701691640467,1.079114509465376,0.48508766520729285,Ponape,Caroline,Pacific
44.16988416988416,3.8630630630630622,13.858429858429858,13.467181467181465,0.1987129987129987,9.039897039897038,10.646074646074645,2.872586872586872,1.2149292149292148,0.6692406692406692,Ponape,Caroline,Pacific
43.934304613926265,3.8411605910111897,13.590372370020813,13.600675912378673,0.1967976590351763,9.262884579718508,10.890844272260804,2.7716528942650482,1.257032167659241,0.6542749397242772,Ponape,Caroline,Pacific
44.014263881813555,2.4727457972491087,11.52317880794702,12.124299541518084,0.17931737137035147,13.92766174223128,11.176770249617931,3.2195618950585834,0.7335710646968924,0.6286296484971982,Ponape,Caroline,Pacific
43.9169017274393,4.566698923181453,13.640387901748028,13.72274496077745,0.21309889023862955,7.237126562210464,11.416747307953633,3.1707467726327496,1.317712944470753,0.7978340093475261,Ponape,Caroline,Pacific
43.69676934326115,4.544752371242316,13.655884079463654,13.645585524350937,0.2142099463445279,7.445855346494888,11.297514958651304,3.3470304116332485,1.3594092748787348,0.792988743679262,Ponape,Caroline,Pacific
43.82334774552193,4.53160387070208,13.619518221124153,13.640107061972412,0.20794729256742847,7.236977558163475,11.334156886967262,3.4177475808112,1.3794523368334364,0.8091414453366275,Ponape,Caroline,Pacific
43.776594100617125,4.516747200214297,13.55848384005934,13.630603434953276,0.2101771051194609,7.407712675533941,11.363987595429675,3.3690153614737115,1.3805751022552826,0.7861035843438662,Ponape,Caroline,Pacific
43.71511544085844,4.545548163862169,13.531604638230386,13.706671060490594,0.2069902992606018,7.229213436862808,11.420509546269022,3.4704343706877014,1.379935328404012,0.7939777150742486,Ponape,Caroline,Pacific
47.67689037351958,3.4922563012450656,15.28494786921753,10.709585990484866,0.16195971252151026,7.004757566555318,10.739953436582649,3.1784593582346394,1.1944528798461382,0.5567365117926916,Ponape,Caroline,Pacific
44.90835030549897,3.696537678207738,10.386965376782074,11.894093686354376,0.18329938900203663,11.425661914460283,12.179226069246434,2.922606924643584,1.792260692464358,0.6109979633401221,Ponape,Caroline,Pacific
46.437926533731826,3.232503889150854,11.777734990439233,11.600705946218437,0.15295759727843158,11.8491152025025,11.38004523751531,2.019040284075297,1.0503088346452303,0.49966148444287645,Ponape,Caroline,Pacific
45.250258235182905,3.897347717445491,15.876563859488474,12.566080812571567,0.19486738587227453,6.1024260312633345,10.625400619140864,3.353770272643883,1.2922784536792944,0.8410066127119217,Ponape,Caroline,Pacific
45.06319265852532,3.623068408157611,13.458573324088302,13.056592860737561,0.1739891608437271,9.507995907283673,11.258122172241164,2.517725503973933,0.8392418346579775,0.5014981694907428,Ponape,Caroline,Pacific
44.38107807075342,3.6720726512229906,14.198680918062228,12.961677964206187,0.17340343075219677,8.476367703239736,10.720412101209341,3.4782688168528884,1.264825024310141,0.6732133193908816,Ponape,Caroline,Pacific
44.96710692433517,3.3952875821876907,13.376614932233434,11.558894545906158,0.1840818568655977,10.28813044482174,11.760785299746521,2.6487333848994337,1.2885729980591838,0.5317920309450601,Ponape,Caroline,Pacific
45.837553110767196,3.446045846523117,15.440342733227459,12.254414713903925,0.19544737636996787,6.285176155897387,10.327850835549878,3.878087415340941,1.5327188989013267,0.8023629135188153,Ponape,Caroline,Pacific
44.301942783818376,3.7019431641272895,14.130094536300064,13.176283822763263,0.17194817975454624,8.951419946045494,10.559641156690956,3.186098624863651,1.1732934618545507,0.6473343237818211,Ponape,Caroline,Pacific
43.44610510147276,4.355938008514572,13.912227540196659,13.035705716535329,0.20595451576901053,7.383469390319027,12.068934624064015,3.161401817054311,1.390192981440821,1.040070304633503,Ponape,Caroline,Pacific
44.83808750380672,3.674753832098264,13.287991066896762,13.48086488681352,0.2030250735965892,9.400060907522079,11.044564003654452,2.6494772104354887,0.9440665922241397,0.4771089229519845,Ponape,Caroline,Pacific
41.159205581645146,3.2429701127262534,11.982672586331281,13.989905878197428,0.20396038444819203,14.256830872928623,11.850098336439956,1.9988117675922816,1.0096039030185504,0.305940576672288,Kitiu,Caroline,Pacific
43.1830434324594,3.7098484327154173,14.890353187355013,13.103934787550436,0.1732621520773684,8.81598597334845,11.465877711002321,2.8843052375232503,1.2739864123335911,0.4994026736347677,Nanue,Caroline,Pacific
42.58787570045848,5.86856851757514,9.57717778909832,16.95364238410596,0.1935812531839022,8.935303107488538,11.818644931227713,1.7116658176260826,2.0173204279164545,0.3362200713194091,Kusaie,Caroline,Pacific
47.0397404703974,4.237631792376318,13.280616382806162,12.155312246553123,0.16220600162206003,7.583130575831307,11.37469586374696,2.564882400648824,1.1658556366585562,0.43592862935928633,Kusaie,Caroline,Pacific
43.077234948307314,3.3144131360227034,11.656192986012567,12.284613825258461,0.18244475978106625,11.970403405635516,12.335292925197647,2.9799310764240823,1.1858909385769305,1.0135819987837014,Kusaie,Caroline,Pacific
47.571696027088464,2.484935970460554,15.574310629676638,11.063834834998207,0.18406933114522617,7.751364056004525,11.08506416452362,2.975787520181157,0.7771816203909551,0.5317558455306535,Porto Santo,Madeira,Atlantic
45.00544749610407,3.408575842108562,16.32850702806497,13.663019089106479,0.20410633785081211,6.388528374730418,11.12379541286926,2.6431770751680164,0.642934964230058,0.591908379767355,Porto Santo,Madeira,Atlantic
47.931519377955404,2.355608858318321,17.513439772714477,11.879745143605087,0.2150773305421076,5.325724375328378,10.036942091965022,3.2773688463559254,0.8193422115889814,0.6452319916263227,Porto Santo,Madeira,Atlantic
47.30944569201204,3.2557037895578187,17.092444895178545,11.719556931271278,0.2136555611897318,5.697481631726181,9.563629881826092,3.4591852764051816,0.9156666908131362,0.7732296500199818,Porto Santo,Madeira,Atlantic
43.62068531985226,2.689774360369643,13.620130843519688,12.91981434069218,0.36266620589253606,11.605318588561154,11.43405954688968,2.5688856250721304,0.6346658603119382,0.5439993088388041,Madeira,Madeira,Atlantic
45.215248337202205,2.8486009081541015,13.01498577471114,12.589221602790769,0.37243192085406973,12.058741653599341,10.075793318241184,2.7580093598382467,0.6744037485735859,0.39256337603537084,Madeira,Madeira,Atlantic
42.30821200179866,7.470893218785007,13.622801246652443,13.198692130531606,0.38260639125853135,7.229247076937513,11.437917380781357,3.0306453623373137,1.0672704598264295,0.251714731091139,Madeira,Madeira,Atlantic
44.717773441630904,3.011399607893613,14.19084296830134,12.004687711817716,0.3827196826085528,9.769423477113058,11.542019901826357,3.0819006020583464,0.8157972181919153,0.483435388558172,Madeira,Madeira,Atlantic
44.3089254452595,4.250039787606523,15.874853107371884,14.305935346345086,0.45213189229856626,5.9279514768034245,8.540269076750697,4.370608292219473,1.225779796898335,0.7435057784465311,Madeira,Madeira,Atlantic
42.14400550056118,4.145643535323916,12.43693060597175,12.617923335928575,0.35389639935691963,13.599733061001626,11.051678985631806,2.5379427496739093,0.8291287070647833,0.2831171194855358,Madeira,Madeira,Atlantic
45.43664464888871,2.4199406321286583,16.055954650513378,10.673062807400239,0.20082494872436998,7.450605597674126,12.360775593984972,3.424065375750508,1.00412474362185,0.9740010013131943,Madeira,Madeira,Atlantic
47.590591586809325,2.3266511442440114,18.30097458481112,10.046227838773753,0.3424508177675168,5.7209430732926325,10.32388494740308,3.656166083812017,1.00720828755152,0.6849016355350336,Madeira,Madeira,Atlantic
45.11025904407913,3.1467597683968727,16.528028943273036,11.729869755512654,0.2111244573045825,8.95770911706586,10.043492040346571,2.5133863964831256,0.9048191027339251,0.8545513748042627,Madeira,Madeira,Atlantic
44.51872973762392,2.7937671357774865,14.06969369822958,10.196019577751851,0.18154443481586555,10.801893871544001,12.869483268058024,3.0156547783302114,0.9178079760135426,0.6354055218555295,Madeira,Madeira,Atlantic
44.184232821450806,2.003820082605479,12.423684512153969,11.200713039338194,0.2003820082605479,14.627886603019997,11.72234748324205,2.4045840991265743,0.8015280330421916,0.43082131776017796,Madeira,Madeira,Atlantic
45.404213794184415,2.4269512941212157,14.359461823550527,12.538742738106674,0.20224594117676797,10.314543000015167,10.415665970603552,2.9325661470631355,0.9101067352954559,0.49550255588308156,Madeira,Madeira,Atlantic
45.7633375323558,3.2398823031756314,15.591933584032727,13.576139562790035,0.22274190834332463,6.682257250299739,9.31466162162994,3.7461139130468237,1.1137095417166234,0.7492227826093648,Madeira,Madeira,Atlantic
46.78478883668337,2.4922169887016254,14.132693899344584,10.685426941489716,0.18235734063670433,9.989129881543915,10.323451672711206,3.6775397028402037,1.0637511537141087,0.6686435823345825,Madeira,Madeira,Atlantic
45.84799073634237,3.194737668172393,15.212559617410234,11.53881560198512,0.1902821808629325,8.773010022943623,9.904688256496854,3.7956287656342855,0.9914703108121219,0.5508168393400679,Madeira,Madeira,Atlantic
46.76028678144089,3.1407660434744633,14.690356190564263,11.506658985938358,0.2107223224056349,7.897069892058795,10.786976027907503,3.4919699141505216,0.8328548933175094,0.6823389487420559,Madeira,Madeira,Atlantic
46.00374321811411,2.551299296375761,14.50423694475039,10.754747053942385,0.20088970837604417,9.692928429144132,10.637110058511539,3.9776162258456744,0.9843595710426164,0.6930694938973523,Madeira,Madeira,Atlantic
45.86010926321756,3.1953362720646763,14.409157906102976,11.907191518267247,0.20096454541287276,8.46060736188194,10.590831543258393,3.7982299083032944,0.99477449979372,0.5827971816973309,Madeira,Madeira,Atlantic
46.08172778750024,2.6346726974157746,14.876383861834316,10.330968385670722,0.2003553382065228,7.6736094533098225,11.730805051991911,4.678297147122307,1.0518655255842446,0.7413147513641343,Madeira,Madeira,Atlantic
46.5959844304264,2.6560412721150772,14.903899515604223,10.436283744828964,0.19043314781202442,8.980426338924941,10.383617954381961,4.149438062851479,0.9922569280731798,0.7116186049817754,Madeira,Madeira,Atlantic
47.20271152283615,2.9200657000734096,14.269187029224703,11.745780645547656,0.21072639072694707,8.037706617727839,10.335627735655024,3.7830404430504303,0.9633206433231866,0.531833271834676,Madeira,Madeira,Atlantic
45.29436101446376,2.6366571374068104,14.566778785749413,10.844897631335504,0.20050624619063198,8.932553267792654,10.767185420436936,4.7419727224084465,1.072708417119881,0.9423793570959703,Madeira,Madeira,Atlantic
47.63714441668266,3.012466974073524,15.423830907256441,10.479523087115101,0.19078957502465654,8.093494603677536,9.800559222319198,3.273547445159896,1.2250699027898997,0.8635738659010769,Madeira,Madeira,Atlantic
48.909083592888976,2.7294359329638493,16.135783015462753,10.13934272172327,0.21072850953029718,5.810086048478194,10.767223367905185,3.532211207364981,1.0034690930014152,0.7626365106810755,Madeira,Madeira,Atlantic
47.29289676551923,3.342928172981937,15.610370297257994,11.909325171421946,0.22085411353033818,5.81247871518481,9.858124522126912,4.417082270606764,1.0741540976248265,0.4617858737452525,Madeira,Madeira,Atlantic
45.746006846421466,4.115835595135571,14.254845231932956,12.453165304445546,0.21081109145816343,6.6355300692307635,9.376074258186888,5.200006922634698,1.124325821110205,0.8833988594437325,Madeira,Madeira,Atlantic
49.37691315458396,2.911611389757899,15.923502290193198,9.328405307229017,0.19076074622551753,5.853342897340879,9.01595526897446,5.411581169239681,1.395565459228786,0.5923623172266069,Madeira,Madeira,Atlantic
48.210138955051164,2.656067946588058,16.026613760733223,10.675933811348056,0.210480856144714,5.502570953497524,8.469348735346825,5.863395278317033,1.3931828097197736,0.9922668932536518,Madeira,Madeira,Atlantic
43.9133045097559,3.5423806141388625,15.930533508986553,13.944581287557634,0.24430211131992158,6.504543713892912,10.413377495011657,3.4202295584789018,1.0688217370246569,1.0179254638330064,Madeira,Madeira,Atlantic
44.68439598197421,2.5250619555130704,13.749831296214895,13.002926148112447,0.21468138083309504,10.304706279988562,11.040756728559174,2.872641334004748,0.8996172149196364,0.7053816798801693,Madeira,Madeira,Atlantic
44.32698867040451,3.5663077248461814,14.708500786088768,13.088879259186411,0.1914119965312922,9.107181308646744,10.47728823118652,2.992071735252305,0.9872829294771914,0.5540873583800564,Madeira,Madeira,Atlantic
44.4446840140608,2.8375438992958726,14.238571537685383,12.270058511375654,0.19323775658287304,10.139897016480234,11.187449065324229,2.8985663487430955,0.9763591911555689,0.8136326592963076,Madeira,Madeira,Atlantic
44.804639443234095,2.6461800476540938,13.93253888726966,12.33526251218671,0.19044477615692343,12.128325218414597,9.752777221088763,2.8466482330824343,0.851989788070447,0.5111938728422681,Madeira,Madeira,Atlantic
46.1513608427867,3.3384775425458564,15.414698776693214,12.859553773733612,0.175167031553332,6.625435369928967,11.26220973457599,2.586289701169784,0.9376588159619534,0.6491484110505832,Desertas Islands,Madeira,Atlantic
44.687417768742684,3.936724488163765,13.661552939545055,13.381888845699075,0.1831034645657565,6.805345433027283,12.674828713829589,2.8991381889578114,1.169827690281222,0.6001724671877574,Desertas Islands,Madeira,Atlantic
46.2945595999859,2.6982421770784186,12.763595017415891,12.221230149426429,0.18190396699405068,10.823286036146017,11.722700095172156,2.1424245001521527,0.7579331958085446,0.3941252618204432,Desertas Islands,Madeira,Atlantic
46.833335912859205,3.4107445956339704,16.373634931910512,12.71172969904723,0.1854785580707295,5.110964711282325,10.871104375812203,2.8749176500963074,1.0613495267380635,0.5667400385494513,Desertas Islands,Madeira,Atlantic
44.97896919347839,3.2966206148158657,14.768452104144142,13.20600090280456,0.19391885969505093,8.144592107192139,10.93089993333682,2.949607918519459,0.9287692753815597,0.6021690906320002,Desertas Islands,Madeira,Atlantic
46.98342860671274,3.3185321320726477,16.120052369108308,12.98870394265248,0.16438549261040977,5.20896529709236,10.263819194862462,2.989761146851828,1.1815207281373201,0.7808310898994465,Desertas Islands,Madeira,Atlantic
46.18539244111558,3.324529909936337,14.934811287714009,12.968921619266613,0.17389848759666995,7.375341738658767,11.446612212980805,2.158387110758668,0.9001804063827621,0.5319247855898139,Desertas Islands,Madeira,Atlantic
48.28682081207575,2.9342192617119927,15.754814920899584,12.106331035059242,0.16358016790032015,6.062689972805615,9.579663582662498,3.3942884839316427,1.104166133327161,0.6134256296262006,Desertas Islands,Madeira,Atlantic
45.2796281899153,2.8109495761108336,13.324103947413446,12.728641319302644,0.18266098328518052,10.340641220422162,11.629415935823161,2.394888447516811,0.8016787599738479,0.5073916202366126,Desertas Islands,Madeira,Atlantic
47.62709864855691,3.0231349216972436,15.42104177229402,11.952467768750337,0.18322029828468142,6.433068250884371,10.2501577984819,3.297965369124266,1.1196796006286087,0.6921655712976854,Desertas Islands,Madeira,Atlantic
47.66055198004145,2.8502679526722776,14.882470524310252,12.008156489645822,0.17305198284081688,7.359799034935918,10.566350481692231,2.952063236696288,0.9874142550328961,0.5598740621320546,Desertas Islands,Madeira,Atlantic
45.6460765945826,2.8978419325306604,13.627962934453631,13.064742024080173,0.18238166008934226,10.182976021654945,10.47681314068777,2.654666385744871,0.8004528415032244,0.46608646467276355,Desertas Islands,Madeira,Atlantic
47.125560273101655,3.1029175488461993,15.739140987897498,12.352786210716067,0.17351841556047826,6.501837100707332,10.49276065859833,3.031468789497767,0.9594547683932326,0.5205552466814347,Desertas Islands,Madeira,Atlantic
45.28224415674226,2.7216060627959013,12.308158761599373,12.482085637406437,0.18279443705345605,12.277693022090466,11.455118055349912,2.0919807796117746,0.7514882412197638,0.44683084613067037,Desertas Islands,Madeira,Atlantic
46.59643040299384,2.8371089325449588,14.236941563676698,13.2728693337615,0.16447008304608457,8.63467935991944,10.803628580089681,2.3539780635970855,0.6887184727554793,0.4111752076152115,Desertas Islands,Madeira,Atlantic
45.82731731507724,3.3457997154813026,15.928034403094324,13.100456480635604,0.18249816629898014,6.346880672397864,10.726836663573389,3.0213585309497826,0.9429071925447308,0.5779108599467704,Desertas Islands,Madeira,Atlantic
46.81088893293332,2.862204254281919,14.516197203616185,12.36935935456576,0.16414074576527132,8.33014284758752,10.987171169662851,2.503146372920388,0.8822565084883334,0.5744926101784498,Desertas Islands,Madeira,Atlantic
45.81222471098586,2.562637209138388,12.345403063071442,12.819488912922989,0.18304551493845628,12.121680767035551,10.79968538136892,2.23722296035891,0.6813360833820318,0.4372753967974234,Desertas Islands,Madeira,Atlantic
49.051666419721826,2.279333530235042,14.463035629069887,10.962895148531594,0.1737608520806983,8.626715244477019,8.974236948638415,3.505880721392912,1.2061047379719056,0.7563707678806866,Desertas Islands,Madeira,Atlantic
44.44889378316147,3.6540194213634996,15.17669436380018,12.113324657122835,0.19020923015316848,7.508259084993493,10.68174992491741,3.874261687856642,1.5917509260186207,0.7608369206126739,Tenerife,Canary,Atlantic
44.45779513367377,3.7048162611394813,15.009512366075898,12.115750475618302,0.19024732151797336,7.71002302993892,10.683889055772504,3.824972464203464,1.542004605987784,0.7609892860718934,Tenerife,Canary,Atlantic
44.03082157510257,3.5624937456219357,14.109876913839688,12.39867907535275,0.19013309316521565,9.40658460922646,10.587411187831483,3.5725007505253674,1.4209946962874012,0.720504353047133,Tenerife,Canary,Atlantic
44.37549754036456,3.3067298075156666,12.553326121124291,12.869710763201406,0.19289257210508057,12.083852136106634,10.797901655406097,2.316752056500174,0.9981425159723216,0.5051948317037823,Tenerife,Canary,Atlantic
46.91335390757886,3.17780425947994,14.738085780344464,11.580652060989395,0.19148307717379126,7.598211466577036,11.26490868905389,2.984284128293661,0.9625080209001741,0.5887086096087837,Tenerife,Canary,Atlantic
47.08634710473623,3.187446365085204,14.762371787013201,11.605573944669201,0.18797760614605044,7.25348371541825,11.309304891504231,3.044419925626252,0.9705365534714562,0.5925381063299416,Tenerife,Canary,Atlantic
45.74723200163273,3.377723353232308,13.0720955150773,12.02102148068779,0.1867442216439614,9.663758355018114,12.010816878412163,2.489922955252819,0.9061686820756161,0.5245165569671922,Tenerife,Canary,Atlantic
47.202779390938446,3.2297174761337115,14.976923312039611,11.431365956536357,0.19357928090391335,7.3254475247323,11.02383062831759,3.076891728051675,1.0259701887907404,0.5134945135556438,Tenerife,Canary,Atlantic
45.40048185912228,3.5173682765912027,13.774664782604276,12.066809665646696,0.193150281084488,8.346125303703403,12.473441836350881,2.6939381309152273,0.9921824965182121,0.5418373674633269,Tenerife,Canary,Atlantic
47.19589458971404,3.1219074242223295,14.558699001193673,11.579623942785437,0.1724190701612986,7.417080710488998,11.579623942785437,2.9382658110327804,0.8784190497566751,0.558066457859351,Tenerife,Canary,Atlantic
46.42020572359711,3.554333435176699,14.431204807006823,11.89530502087789,0.17618902128526326,7.169772889296262,12.211019452082697,2.7497708524289646,0.8636317343925044,0.5285670638557899,Tenerife,Canary,Atlantic
46.0764608054198,3.4689983777331115,14.335125649161832,11.539521074165146,0.1867137362132822,8.141943251267715,11.621144565405924,2.8874310026425607,1.1386477028088684,0.6040138351817653,Tenerife,Canary,Atlantic
44.47994789811639,3.307248471033591,11.346406292930629,12.068912881987197,0.1852059143778811,11.478696231771972,13.463045314392128,2.3506904517192604,0.8425851489279426,0.47726139474300133,Tenerife,Canary,Atlantic
44.41505595116989,3.4893184130213637,12.349949135300104,12.675483214649036,0.18921668362156666,10.498474059003055,13.163784333672432,1.8718209562563586,0.9735503560528994,0.3733468972533063,Tenerife,Canary,Atlantic
44.59666846218735,4.075493175327513,15.143353693860337,12.734645757320134,0.20225016007236288,7.073673940219324,12.074029656581262,2.4696878843007126,1.1352433608081876,0.49495390932281763,Tenerife,Canary,Atlantic
43.26898563139272,3.7017774650472672,9.70824282844352,13.44061349568126,0.1937569472063308,12.624794770601977,14.888691732696998,1.5704510457776286,0.36099978584758474,0.24168629730473892,Tenerife,Canary,Atlantic
44.84896856581532,3.8678781925343806,12.238048461034708,13.16920432220039,0.174975442043222,8.738539620170267,13.844548133595284,1.821381794368042,0.7029715127701375,0.5934839554682383,Tenerife,Canary,Atlantic
46.56172833233408,3.4652006462954867,14.297763370491937,12.234901988679665,0.18088144136087878,7.52995213755119,11.513408598981778,2.7437072565975997,0.8657920676374646,0.6066641600699136,Tenerife,Canary,Atlantic
45.308401294234116,3.7867575760668752,12.595306870260172,12.554479295316057,0.17045512539168955,9.410756024619026,12.258479376971204,2.735447521255856,0.6379308585018321,0.5419860573831565,Tenerife,Canary,Atlantic
45.133818709091095,3.502466021995078,10.905637642830154,12.416905780600626,0.1858451358609633,11.559158999703872,12.94789188306052,2.103521867437277,0.7352115264829318,0.5095424329374763,Tenerife,Canary,Atlantic
44.31154690709653,3.217874381469901,11.404227760743957,12.36554243445352,0.1791081023648341,12.770306507594388,12.385780638110562,2.4488226425022517,0.48268115722048516,0.43410946844358095,Tenerife,Canary,Atlantic
43.08520869397961,4.788370233142001,15.083872404612222,13.231289418005488,0.20145574553810955,6.732063858434315,11.844383029125034,3.2799829926807784,0.9475506423300026,0.8058229821524382,Tenerife,Canary,Atlantic
42.646019602421106,4.670169293636893,13.129730338689688,14.123165473520341,0.19356622730205547,8.408353048412039,12.67909996825104,3.0007886031482673,0.5858194815702419,0.5632879630483095,Tenerife,Canary,Atlantic
43.30135996989147,4.699372399833183,15.49165403667952,13.569183509475033,0.19326423289357247,6.754076349543794,12.063756853251418,2.5022632258852013,0.8015379764217636,0.6235314461250522,Tenerife,Canary,Atlantic
43.73034992446205,4.389367522763464,13.821403780980765,13.42329835449757,0.1806786166346821,8.288759136009144,11.320485076150423,3.5319096811073454,0.7778367563594789,0.535911151035074,Tenerife,Canary,Atlantic
43.196147646350674,4.703217776326797,13.854598135036422,13.079230345446755,0.18261951886388214,8.406619192393235,11.977391907608807,3.325919729029362,0.6845681405456141,0.5896876083984575,Tenerife,Canary,Atlantic
45.70647014993928,4.103171281883784,14.92247864207486,11.962479458626358,0.18474477662213062,7.185653190164638,10.482479866902107,3.9194471946352576,0.941075602461903,0.5919998366897002,Tenerife,Canary,Atlantic
42.572482223263584,4.675943847924859,14.01764430227583,13.610154642325952,0.18133289867769606,8.047920784010106,12.20431531549887,3.137670381614067,1.014649253275198,0.5378863511338401,Tenerife,Canary,Atlantic
42.67204909426384,4.057208681203299,13.109473276450858,13.027921343160342,0.18655004740206121,9.735262036555655,11.998328185367544,2.8848996401520948,1.6718146324556304,0.6564930629886745,Tenerife,Canary,Atlantic
42.55884819109557,4.775344090639509,12.904677178559012,14.172648628750231,0.19326339039204862,8.466777102889749,12.700165654334624,2.8836124915639,0.7423768329345359,0.6022864388408288,Tenerife,Canary,Atlantic
43.07035811997224,4.675568622646904,14.669851770182534,13.220221323859697,0.19396463718404186,6.584588999142474,12.505614765813226,3.644493446036997,0.7431908203683288,0.6921474947935811,Tenerife,Canary,Atlantic
45.83837172673786,3.637804716952373,14.72396378453628,11.83810752862993,0.1869709686925242,8.728699027547734,11.096320533273719,2.3472985743463637,1.0943898547926552,0.5080732844905549,Tenerife,Canary,Atlantic
45.6938966372545,3.618915951693571,14.516325783759603,11.873297279713737,0.18501199528321063,8.498353189932093,11.619159923555483,2.470215101858252,1.03484731427642,0.4899768226731183,Tenerife,Canary,Atlantic
45.71765135974978,3.6253224201312015,14.663769116721163,11.850843877571743,0.18380486219712813,8.469240611735076,11.464955216605395,2.4676564372321628,1.0743952718484064,0.48236082620793297,Tenerife,Canary,Atlantic
45.83894588654709,3.6055379442356967,14.351256367926919,11.819277474502973,0.18432806344126318,9.368321905668594,11.11032338434427,2.714281373750469,0.5296899845042893,0.47803761507844067,Tenerife,Canary,Atlantic
45.99685386831192,4.09610002247237,14.280169155651803,13.12590655580298,0.16139246971337518,6.966434452184929,11.491552432123232,2.257451633332653,1.0582442950826374,0.5658951153241131,Tenerife,Canary,Atlantic
45.88462712381728,3.4286295655712693,15.525485807304914,11.974768542069388,0.19228812697120767,7.020042730694883,10.733543595482757,3.276019940990946,1.3521212737816666,0.6124732933156984,Tenerife,Canary,Atlantic
44.41161487519103,3.3927661742231274,14.070300560366784,12.766174223127862,0.17626082526744774,9.454915944982167,11.798267957208353,2.445236882322974,1.01681100356597,0.4676515537442689,Tenerife,Canary,Atlantic
43.07003099078459,3.293410111382721,10.667784926000552,13.572531732313262,0.17080729459655727,13.60321567745037,12.345173926829018,2.0762802876108455,0.8018737662497061,0.3988912867823793,Tenerife,Canary,Atlantic
44.481354696266884,3.4130729810204783,13.844720371083067,12.923089388077535,0.19546679090117278,9.732828293058395,11.150722113066902,2.78514857501671,1.018857987806113,0.45473880370272834,Tenerife,Canary,Atlantic
44.52162930217872,3.361276062621591,13.037676848956476,12.070036770322986,0.1904723102152235,9.279159069843242,13.465475620562861,2.6075353697912953,0.9014331258848812,0.5653055196227222,Tenerife,Canary,Atlantic
44.14311620041158,3.4638032559750607,12.571568287862425,13.193015342610892,0.18643411642454003,10.014466472422013,11.807494040220869,2.92385745430836,1.1063795105849754,0.5898653191792823,Tenerife,Canary,Atlantic
42.60287159740287,4.096429961288737,13.426049198123835,14.050754767220369,0.22325543289023614,8.715154742641786,11.797718288511563,3.0108760215472214,1.0794092947995821,0.9974806955738075,Tenerife,Canary,Atlantic
46.98823267080871,2.229812594386954,14.098496903601148,11.9294973799702,0.16216818868268754,10.824726594569393,9.963208092192616,2.9494339316663796,0.5564395974174716,0.29798404670443834,Tenerife,Canary,Atlantic
45.12593165017743,3.660508200555177,15.272453658982988,11.927155886808952,0.1840422178612464,6.802444406031703,12.232198236855215,2.9080704037743903,1.262875329191536,0.6243200097613552,Tenerife,Canary,Atlantic
46.47308810671221,2.938245999308648,13.572866467394618,11.712316232538278,0.17995485878118708,10.227942821122838,10.166941174078366,3.0500823522235097,1.120396917383436,0.5581650704569023,Tenerife,Canary,Atlantic
45.945534763426124,2.809473097013033,11.76530250012678,11.5320249505553,0.17242253663978904,10.680054769511637,13.864800446270092,2.1907804655408487,0.6917186469902125,0.3478878239261626,Tenerife,Canary,Atlantic
44.7972752488171,3.5181106216348503,13.256648719203785,12.553026594876815,0.17947462881383583,9.63656387665198,11.981970957741881,2.57994778919889,0.98099200522108,0.5159895578397781,Tenerife,Canary,Atlantic
45.155517595501735,2.918179137561135,11.90657759611181,12.150606513538522,0.18200490091409166,12.211613742895201,11.937081210790147,2.287771100875454,0.8398661908102777,0.4107820110016371,Tenerife,Canary,Atlantic
44.76105003365492,3.212515552654659,12.584902196748729,12.74807758989944,0.1866318559161278,10.596202092724416,11.911803700002038,2.6108062904114058,0.9392783568237908,0.4487323311644603,Tenerife,Canary,Atlantic
45.11996746644978,2.9788531923546158,13.318422122814152,12.810085400569339,0.1870679137860919,10.237901586010574,11.884912566083774,2.246848312322082,0.8184221228141522,0.39751931679544533,Tenerife,Canary,Atlantic
45.53436392980036,3.491712258549113,15.134136562490488,11.855581156934198,0.2050365919264305,6.9529735380992514,10.739045260305122,3.877424659202794,1.4017600665861412,0.8079659761061321,Tenerife,Canary,Atlantic
45.84458445844584,3.3203320332033193,15.24152415241524,11.201120112011198,0.20002000200019998,8.21082108210821,9.96099609960996,3.64036403640364,1.4301430143014298,0.9500950095009498,Tenerife,Canary,Atlantic
45.93540645935406,3.42965703429657,15.76842315768423,10.988901109889012,0.1999800019998,7.0092990700929905,10.00899910008999,4.0995900409959,1.51984801519848,1.03989601039896,Tenerife,Canary,Atlantic
44.45555444455555,3.909609039096091,14.748525147485253,11.708829117088293,0.18998100189981004,6.729327067293271,11.798820117988203,3.9996000399960008,1.4998500149985003,0.9599040095990401,Tenerife,Canary,Atlantic
44.73894778955791,3.280656131226245,13.60272054410882,11.88237647529506,0.1900380076015203,10.022004400880174,10.342068413682735,3.6807361472294455,1.5403080616123226,0.7201440288057611,Tenerife,Canary,Atlantic
45.42400496187955,3.399212843472501,12.919032146173759,12.187001543627067,0.1922173929344569,10.693357070090576,10.440439447808396,2.7315103206475455,1.2140045869544644,0.7992196864116893,Tenerife,Canary,Atlantic
47.415736015353346,2.7295407822594946,13.487142688811618,12.875466648614234,0.19066645170194998,6.502729510677032,10.637180989687735,4.375293312739484,1.0536830225634077,0.7325605775917026,Tenerife,Canary,Atlantic
43.07193470266749,3.5435774784349854,16.669787011229364,11.979531817352957,0.17967435101923868,8.205128696545232,10.710587702424618,3.363903127415747,1.5172500752735711,0.7586250376367856,Tenerife,Canary,Atlantic
43.999672519450385,3.546902123627765,17.041206803605355,11.618835469037313,0.1808618646609059,7.4555279765773435,9.927306793609725,3.848338564729276,1.6177089005781027,0.7636389841238249,Tenerife,Canary,Atlantic
44.08210744002488,3.6240143134069323,15.240993529161376,11.45325027575729,0.23153424780099846,8.415766572244987,10.95257659162984,3.6038809005546715,1.6207397346069894,0.7751363948120383,Tenerife,Canary,Atlantic
43.64343571885158,3.4481954541539364,14.621966647233409,12.045735893750924,0.17190417220122264,10.000778018059364,10.142346159872135,3.559427565578257,1.6482576511058402,0.7179527191933415,Tenerife,Canary,Atlantic
43.59540435518892,3.405890965249134,16.348276633195844,11.667216083626887,0.1702945482624567,8.765160572332329,10.047378347484944,3.7765320408791867,1.5025989552569707,0.721247498523346,Tenerife,Canary,Atlantic
41.95030983285895,3.9224696319383816,14.281812506032054,12.860828484322735,0.2011522888173529,10.339227645211938,10.80187790949185,3.4397041387767344,1.5086421661301466,0.6939753964198674,Tenerife,Canary,Atlantic
44.734917779346546,3.7953832957590397,17.448642138369554,11.24875701197064,0.2024204424404821,6.67987460053591,9.291098308018128,3.9978037381995213,1.629484561645881,0.9716181237143141,Tenerife,Canary,Atlantic
41.37919689390832,2.7957547962591667,9.866178157813147,12.500978514178692,0.1620727418121256,13.533073941312487,17.3519129202607,1.2054160172276842,0.7901046163341123,0.4153114008935719,Tenerife,Canary,Atlantic
42.1943693360628,3.699091231171317,15.24973543769791,13.468055266360125,0.16486200473186927,7.511525090595795,13.642330891562182,2.30806806624617,1.1334262825316013,0.6285363930402516,Tenerife,Canary,Atlantic
42.345213770606236,3.9685852519312124,14.861738069732091,14.051490020675306,0.2352511876144791,8.714522254240704,10.882924505295902,2.700274501314021,1.5751601257665122,0.6648403128235278,Tenerife,Canary,Atlantic
43.914116243729474,3.6561054919198024,12.939345414140755,12.508782823248746,0.17361394794032584,10.212585172960342,12.51041683687642,2.512295952548244,0.8782823248745895,0.6944557917613033,Tenerife,Canary,Atlantic
44.309140109723835,4.1416103470257335,15.703605899139239,11.665947941622703,0.1725670977927389,6.659059773649218,11.765015667163786,3.228019829299469,1.5835568973921923,0.771476437191068,Tenerife,Canary,Atlantic
45.23811844466248,3.2283566344600048,13.663968048399191,11.82679459513056,0.18506503000089197,8.574679723374661,13.149898520618935,2.518940686123252,0.94588793111567,0.6682903861143322,Tenerife,Canary,Atlantic
45.08160226403966,4.056837099126178,15.14214447248846,12.260755638648597,0.19269976220849347,7.292164685679306,10.71004994169311,3.144048751822788,1.480745541181055,0.6389518431123731,Tenerife,Canary,Atlantic
45.561127185334136,3.5554948751096873,14.628321771879857,11.498653280126875,0.17269546536247052,8.309699450970639,10.70711885247317,3.6773975565420196,1.2799781550394873,0.6095134071616606,Tenerife,Canary,Atlantic
43.47248655581276,3.6851529335387907,15.951887628744513,12.131172392501268,0.205300999082941,6.846788319416082,10.531941252954873,3.9007189825758783,1.8477089917464689,1.4268419436264397,Tenerife,Canary,Atlantic
43.467222088091404,3.64654532423785,13.641896832823694,12.081089042067008,0.17077484989543654,10.276627731943034,10.367037946593559,3.7470011182939897,1.8082042930105044,0.7936007730434992,Tenerife,Canary,Atlantic
44.947283653947004,2.982089283835422,13.58393084119515,12.244310523270702,0.17481213043173166,11.506751409006336,10.427029426927994,2.5399174245081015,0.9357590511345637,0.6581162557429898,Tenerife,Canary,Atlantic
46.34689334142886,3.0560615260068813,13.05403764420158,11.748633879781421,0.18214936247723132,9.876543209876544,10.321797207043108,3.420360250961344,1.376239627605748,0.617283950617284,Tenerife,Canary,Atlantic
46.19385815744723,2.930879263779134,13.64409322796839,11.463439031709514,0.18005401620486144,9.412823847154145,9.73291987596279,4.131239371811543,1.710513153946184,0.6001800540162049,Tenerife,Canary,Atlantic
44.23641331849003,3.9469689302702156,15.211011031272136,11.861147657119725,0.20240866309078032,6.547920250986741,11.871268090274265,3.6534763687885836,1.4978241068717741,0.9715615828357452,Tenerife,Canary,Atlantic
44.110736541015434,3.810399427929309,14.0157319440188,12.646848503422211,0.19409541321891924,7.763816528756768,11.533353764429462,3.6980283992236194,1.43017672898151,0.7968127490039842,Tenerife,Canary,Atlantic
48.06595866388398,2.606107885362486,15.819176269126375,9.749571285112362,0.16224796173462946,7.554670718268685,8.852654412145721,4.380694966834996,2.2511904690679843,0.5577273684627889,Tenerife,Canary,Atlantic
41.32213829931099,3.3360067748955955,17.09325525747109,12.487773938312818,0.16125712507048195,8.667570472538404,11.973341536483286,3.063885376339157,1.2698998599300453,0.6248713596481175,Tenerife,Canary,Atlantic
41.90466901114444,3.760805035499574,13.051611023736424,12.985889944771973,0.17186474624594827,9.533438571172304,12.434919875442137,3.497953070652829,1.476014879524026,1.1828338418103495,Tenerife,Canary,Atlantic
44.466560861970684,3.4314378016771894,13.492251001269187,12.376509863089288,0.2131958397491745,9.025290549381722,10.345074319257561,3.9999600410083223,1.7157189008385947,0.9340008217582885,Tenerife,Canary,Atlantic
44.524978654856945,4.224554288754344,14.304725793096246,11.973256079169083,0.15196238448756635,7.5272034449507865,11.437702139097494,3.4444807150515038,1.7627636600557697,0.6483728404802831,Tenerife,Canary,Atlantic
44.46895805560823,3.630119024947611,15.024659297699833,12.705721113968174,0.16133862333100493,7.58291529655723,10.638265475888137,3.488947729532981,1.47221493789542,0.8268604445714001,Tenerife,Canary,Atlantic
45.20816051999862,3.2970604764025837,14.87722687358344,11.464823894391957,0.19215996641610153,6.948099838308513,11.944258965127153,3.509447807704591,1.6687576030871973,0.8900040549798385,Tenerife,Canary,Atlantic
48.71600741628138,2.212518670156113,14.655398897731315,10.809109755358156,0.15223752317587932,8.200527915074032,9.69245564219765,3.6029547151624772,1.5020768953353425,0.456712569527638,Tenerife,Canary,Atlantic
48.80617466792228,2.5187020709456265,14.414258839749067,10.540557769304733,0.16184430977963865,9.032935539576082,8.891321768518898,3.6920733168480067,1.4970598654616574,0.4450718518940063,Tenerife,Canary,Atlantic
43.66149426174546,3.783996169351273,14.63412842152296,12.526454599744444,0.19070537723521006,6.9557277065263445,12.38581239517101,3.272102788351498,1.7263855202345328,0.8631927601172664,Tenerife,Canary,Atlantic
47.094572105713596,2.767883355190487,14.569407990508164,10.150248008431886,0.1926365705077628,9.094473881340171,9.094473881340171,4.177171949957804,2.1696961099295393,0.6894361470804143,Tenerife,Canary,Atlantic
47.675165020715276,2.7271810499137974,14.645972305092616,10.962589055592154,0.16161072888378059,8.807784724166043,9.16130819359931,3.636241399885063,1.4746979010644978,0.7474496210874852,Tenerife,Canary,Atlantic
42.63387815241743,3.7381878669873254,12.75926933112203,13.949592791884044,0.18536468761920624,10.802642072919296,11.698571396412126,2.368548786245413,1.0298038201067012,0.834141094286428,Tenerife,Canary,Atlantic
41.81872250469501,4.272782516784057,13.97997873103814,14.625158789931831,0.16161825122587445,7.697069214632271,12.545616751408502,2.878825099960889,1.3737551354199329,0.6464730049034978,Tenerife,Canary,Atlantic
42.83894467065887,4.086176260893615,14.60072907118314,13.936813641526067,0.17236971820146765,8.618485910073382,10.686922528490992,2.899867023859985,1.541188068624887,0.6185031064876192,Tenerife,Canary,Atlantic
43.83785454129704,4.065973620286009,16.01166286698237,12.384826504804732,0.1715174976299309,6.840521376064303,10.654263382188649,3.4908855399974166,1.8160676219639742,0.7264270487855896,Tenerife,Canary,Atlantic
43.98640607704053,3.933497003211211,14.66213535901351,13.574295921732107,0.16178907982359736,7.017601337348535,11.90160918452338,2.9930979767365513,1.152747193743131,0.6168208668274648,Tenerife,Canary,Atlantic
44.27465824214204,3.2181351590859815,11.860548447952109,12.320996797732878,0.14167890637485453,11.445631650711462,13.439256261843344,2.1454234393906546,0.7691140631777817,0.3845570315888909,Tenerife,Canary,Atlantic
44.54137818110222,4.018847076794905,16.86498546584461,11.889055525383272,0.17209168842698583,6.741944970139563,10.254640022149216,3.057158229702925,1.6804247222870379,0.7794741181692888,Tenerife,Canary,Atlantic
44.93378953041288,3.295481526864927,13.252687980735947,12.144079908027356,0.2122856198287223,9.108063974556131,10.199818590818133,4.063753293864112,1.829699866142797,0.9603397087489817,Tenerife,Canary,Atlantic
45.95634143469597,2.8965800948817284,14.452194678349825,12.150717475724814,0.18423477635290145,7.318214727351364,13.479844469820623,2.2926994390583295,0.8597622896468735,0.40941061411755886,Tenerife,Canary,Atlantic
45.74103864797884,3.0561941190186306,14.557671320258745,10.738757097195856,0.19355896087117994,8.659216670552787,11.43016600512968,3.209003824969562,1.426223922208694,0.9881694318160239,Tenerife,Canary,Atlantic
43.867440069303136,3.5362425997862545,16.989992774043873,11.583917320924975,0.180318319535843,7.733652371203934,9.89747220563405,3.836773132345993,1.612847191403929,0.7613440158180038,Tenerife,Canary,Atlantic
43.60414029327552,3.4065734604121496,16.35155260997832,11.669554038254377,0.1703286730206075,8.746878326293551,10.049391708215841,3.7772888075746485,1.5029000560641836,0.7213920269108082,Tenerife,Canary,Atlantic
42.960708923666985,3.5683321637580203,17.168200945630137,11.877273015023764,0.17087787826446857,8.37301603495896,9.790297260564259,3.7392100420224885,1.6183140235634965,0.7337697125474238,Tenerife,Canary,Atlantic
41.91658336612495,3.9997123422962666,14.270330467489192,12.85048886333361,0.20099056996463655,10.330915296182317,10.793193607100982,3.4369387463952843,1.507429274734774,0.693417466377996,Tenerife,Canary,Atlantic
43.730979914790026,4.057618178129439,12.65976871576385,12.781497261107733,0.18259281801582475,10.01217285453439,10.559951308581866,3.631568269425848,1.6027591803611283,0.781091499289917,Tenerife,Canary,Atlantic
46.84712084347122,2.9805352798053533,12.905515004055152,11.536901865369021,0.17234387672343882,9.945255474452557,9.975669099756693,3.4874290348742907,1.429440389294404,0.7197891321978913,Tenerife,Canary,Atlantic
44.31235908997746,3.4330805492928875,13.31215412994466,13.035458085673293,0.18446402951424473,9.048985447837673,11.979913916786227,3.0744004919040786,1.1067841770854685,0.5124000819840132,Tenerife,Canary,Atlantic
45.026813720530214,3.3896590104219375,14.04431852676313,12.870585854497623,0.19224931700900538,9.288677527066682,11.039158150359205,2.64089851259739,1.032075280785187,0.4755640999696449,Tenerife,Canary,Atlantic
45.668090298962774,3.3760423022167987,15.639617653040471,11.805979255643685,0.19320724018710597,6.762253406548709,10.280658938377059,3.7116127720154566,1.779540370144397,0.7829977628635347,Tenerife,Canary,Atlantic
41.6329160133469,4.451636220139159,13.42573014573787,13.38532345315607,0.18211239082387465,10.18817653109121,10.623222798059356,3.7333040118894303,1.5681900320944762,0.8093884036616652,Tenerife,Canary,Atlantic
42.82122872322084,3.3798291874564725,12.90571680805552,12.17473620332602,0.19112129333831246,13.267841363854426,8.992759802339542,3.842543897643966,1.8407998253111144,0.5834228954537959,Tenerife,Canary,Atlantic
42.98037101373943,4.334324469021564,13.960556719988062,12.144250995367535,0.20159648693123558,8.698888411082816,11.954671675022269,3.991610441238464,0.9172640155371219,0.8164657720715042,Tenerife,Canary,Atlantic
44.668215273651754,4.09229022726396,14.593453927649533,11.663680281304641,0.20410425073635713,7.174264413382953,11.256349428110093,3.4799774750548886,1.6940652811117638,1.1735994417340532,Tenerife,Canary,Atlantic
43.08415179753688,4.35751392824091,14.5250464274697,12.143926925677976,0.20457811869675638,6.771535728862635,11.497290270757707,4.347285022306072,1.8718897860753207,1.1967819943760247,Tenerife,Canary,Atlantic
43.11115626905101,3.2412111359479785,10.881934566145095,13.17821580979476,0.18288965657386713,14.143466775045724,10.434870961186752,2.977037187563504,1.1786222312538102,0.6705954074375129,Tenerife,Canary,Atlantic
43.42733191091881,4.1350192486206705,13.921793918875267,12.224471601336523,0.1864431621147587,8.375710643242945,12.187748090778108,3.12414586485375,1.5180996845745982,0.8992358746845828,Tenerife,Canary,Atlantic
43.379311753577554,4.137936083040745,13.9853870548836,12.257063109902308,0.18661976238535316,8.432788069903784,12.063414875709437,3.1429968256505187,1.5140246630963716,0.9004578018503191,Tenerife,Canary,Atlantic
45.39480439470171,3.0906663928534748,13.594824930691034,12.5064174966629,0.18482390389156994,10.565766505801415,11.09970222815484,2.1357428894136974,0.9651914981004208,0.4620597597289249,Tenerife,Canary,Atlantic
44.7165210323105,3.3529770371875633,13.198536882747408,11.999593578540948,0.17272912009754116,8.870148343832554,13.706563706563706,2.4385287543182277,0.9652509652509652,0.5791505791505791,Tenerife,Canary,Atlantic
43.85113268608414,4.045307443365696,14.16868932038835,13.329288025889968,0.1820388349514563,7.999595469255665,12.631472491909385,2.366504854368932,0.9809870550161812,0.4449838187702265,Tenerife,Canary,Atlantic
43.03332993578636,4.658036897360106,14.626439710528999,13.382937519111202,0.18346753643869126,7.002344307410049,12.06808684130058,2.7723983284068905,1.4473550096830088,0.8256039139741107,Tenerife,Canary,Atlantic
44.688385269121824,3.6827195467422102,15.509915014164308,11.149332254148119,0.19222986645082965,6.7685147713476335,11.04815864022663,4.0772966410360185,1.821125050586807,1.0623229461756376,Tenerife,Canary,Atlantic
43.5920945395273,3.300733496332519,9.392828035859822,13.050122249388755,0.16299918500407498,13.467807660961698,14.914425427872862,1.4771801140994296,0.36674816625916873,0.27506112469437655,Tenerife,Canary,Atlantic
44.42712334111676,3.6242107950131914,14.853156039113053,12.44884034518694,0.1934269806327265,7.828702531924563,11.14750230488608,3.3493408751666855,1.2623655578135835,0.865331229146408,Tenerife,Canary,Atlantic
42.43290131646086,3.888151852229819,13.154403510562302,12.97071129707113,0.19389733646290436,9.123379936728236,12.378814164710684,3.1227676293499336,1.4797428309011122,1.2552301255230123,Tenerife,Canary,Atlantic
44.7694946030465,3.4500151316453143,14.738222536063752,13.063653787955209,0.181579743770806,8.261878341571673,10.50136184807828,3.177645515989105,1.2407949157671743,0.6153535761121759,Tenerife,Canary,Atlantic
44.88671157379057,3.5109205960400085,15.452133088385386,12.053480302102471,0.173504796897326,7.399469279444785,10.910389875484794,3.7252500510308226,1.1635027556644213,0.7246376811594203,Tenerife,Canary,Atlantic
44.06572099193796,3.612613531993061,14.307582406367997,12.980916420042862,0.17348709051944078,10.021430758240637,10.654148382488009,2.387998775385243,1.1633840187774263,0.6327176242473722,Tenerife,Canary,Atlantic
45.333877884419024,3.43067183990198,15.805595262405554,12.425975086787828,0.17357565856646925,7.03491933837043,10.92505615683071,2.9814171942005303,1.2865019399632427,0.6024096385542167,Tenerife,Canary,Atlantic
44.587525150905435,2.575452716297787,11.01609657947686,12.605633802816902,0.1710261569416499,14.426559356136822,11.730382293762577,1.8913480885311873,0.6941649899396378,0.3018108651911469,Tenerife,Canary,Atlantic
44.91806574846687,2.8149190710767065,11.99356589926611,12.476123454307832,0.1809590831406454,12.22479139439027,11.903086357695788,2.221775409671258,0.8746355685131195,0.3920780134713984,Tenerife,Canary,Atlantic
44.736029638777396,3.200576309560564,13.111042502830092,13.01842132345374,0.18524235875270145,11.114541525162087,10.888134197797674,2.181743336420706,1.0497066995986415,0.514562107646393,Tenerife,Canary,Atlantic
43.994399439944,3.670367036703671,13.95139513951395,12.59125912591259,0.19001900190019003,9.330933093309332,10.631063106310632,3.53035303530353,1.39013901390139,0.7200720072007201,Tenerife,Canary,Atlantic
47.51475147514751,3.0503050305030497,14.821482148214821,11.091109110911091,0.18001800180018,8.040804080408039,9.16091609160916,3.95039503950395,1.4001400140014,0.79007900790079,Tenerife,Canary,Atlantic
39.10105457151632,5.4366745162281145,14.508037268352613,17.845807310330702,0.2150097266304904,7.53557899047814,10.443329579195247,2.8156035630183265,1.2491041261390394,0.8498003481109857,Tenerife,Canary,Atlantic
42.80510018214937,3.4810767051204214,12.254604331107064,13.114754098360656,0.18214936247723132,11.890305606152602,10.918842339607366,3.167375025298522,1.4268366727383122,0.758955676988464,Tenerife,Canary,Atlantic
42.91510295161782,3.4486256212597626,12.049903641342938,13.165635459985802,0.18257429759610508,12.43533826960138,10.842884673902018,2.890759711938331,1.3185921493052035,0.7505832234506543,Tenerife,Canary,Atlantic
41.018300787240555,5.152847357120948,14.30324097740517,14.834883958695427,0.1738063592679685,6.706880687046313,12.13577343829874,3.38411205398221,1.4824660055209076,0.8076883754217359,Tenerife,Canary,Atlantic
44.16438910820934,3.866788136451058,15.27482538718494,12.703714950905965,0.18220467658669906,6.812430407936026,10.658973580321895,3.7858082801903032,1.4880048587913757,1.0628606134224112,Tenerife,Canary,Atlantic
44.98329452262833,3.8878201883162897,15.196922142350914,12.858155310316896,0.1822415713273261,6.580945631264553,10.883871620937532,3.2398501569302423,1.4984306975802366,0.6884681583476764,Tenerife,Canary,Atlantic
42.93871724278576,4.5681655960028555,14.897522178036096,13.63311920057102,0.17334556949117977,6.852248394004282,11.940450698480678,2.7939227082696036,1.366370959518711,0.8361374528398082,Tenerife,Canary,Atlantic
43.427927466448104,4.0467165249462145,12.273332650343201,13.533449441655568,0.17416248335211554,10.275586517774817,12.17088413072431,2.2333777276918347,1.301096199159922,0.5634668579039033,Tenerife,Canary,Atlantic
45.7004440855874,3.2599919257165926,14.039160274525633,12.222446507872425,0.17157852240613647,9.345983044004843,10.03229713362939,3.2196205086798537,1.2716996366572464,0.7367783609204681,Tenerife,Canary,Atlantic
44.42172151805234,3.6993038231011757,14.215752902865766,12.329506956585952,0.2005042722548063,7.528935423167976,11.17811317820545,3.879757668130502,1.724336741391334,0.8220675162447058,La Palma,Canary,Atlantic
44.41614911826725,3.699674723395173,14.2673092991635,12.340769358688359,0.20052437525177091,7.409375665552935,11.139129045235872,3.9703826299850635,1.7245096271652296,0.8321761572948492,La Palma,Canary,Atlantic
44.602175363081656,3.689278609488436,14.496458884022495,12.339532170198693,0.190479058642066,7.158002519496584,11.057810614852565,3.839656813679541,1.794513236680516,0.8320927298574461,La Palma,Canary,Atlantic
45.64190208102946,3.327636473308535,12.164471700010052,12.194631547200162,0.1809590831406454,11.742233839348547,10.505680104554136,2.6239067055393583,1.1259676284306828,0.49261083743842365,La Palma,Canary,Atlantic
45.357902197023385,3.108231244304951,12.048192771084338,12.564543889845096,0.18224157132732613,11.541966184063988,11.19773210489015,2.6222537207654146,0.8605851979345956,0.5163511187607573,La Palma,Canary,Atlantic
45.47751389590702,3.5977766548762,11.520970186963114,11.894896412329459,0.17180394138453767,11.935320869125823,10.81354219302678,2.708438605356241,1.4249621020717533,0.4547751389590703,La Palma,Canary,Atlantic
43.95271294331615,3.5162170354652917,13.236334242699806,13.135293523289885,0.2020814388198444,9.821157926644437,10.993230271799534,3.182782661412549,1.3034252803879962,0.6567646761644942,La Palma,Canary,Atlantic
45.614929634917395,3.457067101774424,15.306954925555782,11.401182949214766,0.2141545992249643,6.526616357332246,9.953089944931675,4.772588211299205,1.9273913930246787,0.8260248827248623,La Palma,Canary,Atlantic
44.64395021424199,3.4890838604366454,13.976739440930421,12.57906549683738,0.20403999183840035,8.345235666190574,10.905937563762498,3.835951846561926,1.305855947765762,0.7141399714344011,La Palma,Canary,Atlantic
44.99385749385749,3.6138411138411133,14.742014742014742,12.213349713349713,0.20475020475020475,7.534807534807535,10.38083538083538,3.982391482391482,1.5663390663390662,0.7678132678132678,La Palma,Canary,Atlantic
44.14030819140308,3.669910786699107,12.996755879967555,12.256690997566908,0.21289537712895373,9.97566909975669,11.121248986212489,3.335360908353609,1.4395782643957824,0.8515815085158149,La Palma,Canary,Atlantic
43.332316142813546,3.9466992167632995,12.95900722205269,12.664021971315226,0.20343810395687112,8.961448479300174,11.718034787915776,3.66188587122368,1.647848642050656,0.9052995626080764,La Palma,Canary,Atlantic
45.12902580516103,3.4306861372274455,14.002800560112021,12.49249849969994,0.20004000800160032,8.411682336467294,10.732146429285857,3.6507301460292054,1.2902580516103221,0.6601320264052811,La Palma,Canary,Atlantic
44.66861696761828,3.6719459295874097,13.225058004640369,11.903560980530616,0.19166750731362855,8.332492686371431,11.469787148189244,3.863613436901039,1.7754463835367698,0.8978109553112075,La Palma,Canary,Atlantic
44.4376465789742,3.4873049862343226,12.766391353115122,13.143672886713572,0.19373916590190682,10.003059039461611,11.960844294891405,2.518609156724789,0.9584990313041706,0.5302335066789029,La Palma,Canary,Atlantic
44.04387122981618,3.554382045292983,12.673910835787549,12.5114247994313,0.18279679090078196,8.53051690870316,13.628516299380522,2.9450594089570425,1.238956027216411,0.6905656545140653,La Palma,Canary,Atlantic
45.84940125837223,3.359042013395576,14.481428861376092,11.964684392125026,0.19281510046681552,8.392530951897708,10.239496651106151,3.389486502942968,1.3497057032677087,0.781408565049726,La Palma,Canary,Atlantic
43.39930626402775,3.580901856763926,10.824321567027138,13.405427463782901,0.20403999183840035,11.671087533156498,12.3342175066313,2.611711895531524,1.244643950214242,0.7243419710263211,La Palma,Canary,Atlantic
43.0865207608918,3.835140110452035,13.397422785845775,13.090611577009614,0.17385968500715893,9.296379627735734,11.761096338719575,3.354469216608713,1.3499693188791164,0.6545305788504807,La Palma,Canary,Atlantic
45.51413355182303,3.4924211388775097,12.361736993035644,11.829168373617373,0.1843506759524785,10.548955346169604,11.419500204834087,2.7755018435067598,1.3314215485456784,0.5428103236378534,La Palma,Canary,Atlantic
43.99912001759965,3.509929801403972,13.819723605527889,13.799724005519892,0.2019959600807984,8.079838403231935,10.769784604307914,3.80992380152397,1.2799744005119897,0.7299854002919942,La Palma,Canary,Atlantic
44.426329733034436,3.8516405135520673,14.163439983696758,12.196861626248216,0.21398002853067044,7.428163847564702,10.699001426533522,4.228652944772773,1.9054412064397797,0.8864886896270633,La Palma,Canary,Atlantic
43.76764824526019,3.8725292456635736,13.00927793465107,12.615974183138363,0.20169423154497781,8.703106091165793,11.698265429608714,3.630496167809601,1.6337232755143205,0.8672851956434046,La Palma,Canary,Atlantic
43.662825955124326,3.91146149181322,13.038204972710735,12.371134020618557,0.21224984839296543,8.277744087325651,12.43177683444512,3.6891045077824947,1.5362846169395594,0.8692136648473823,La Palma,Canary,Atlantic
46.49042844120327,3.8083662513926866,14.585232452142204,11.759343664539651,0.18231540565177753,6.836827711941658,11.040210675579862,3.3120632026739587,1.3572369087410106,0.6279752861339004,La Palma,Canary,Atlantic
43.8943894389439,3.4803480348034808,11.661166116611662,12.381238123812382,0.2000200020002,12.061206120612063,11.131113111311132,3.2103210321032103,1.2801280128012802,0.7000700070007001,La Palma,Canary,Atlantic
43.45434543454347,3.8303830383038315,13.341334133413344,12.301230123012305,0.20002000200020006,8.380838083808383,12.431243124312433,3.600360036003601,1.5701570157015703,0.8900890089008903,La Palma,Canary,Atlantic
42.664520024149724,4.226202455222379,14.308714026967195,13.382974441537531,0.19118534916482188,7.506540551418796,12.296236667337492,3.421211511370496,1.3483598309519018,0.6540551418796537,La Palma,Canary,Atlantic
44.825511432009634,4.001203369434418,13.658243080625754,12.55515443241075,0.1905334937825913,8.343361411953472,11.692739671079023,2.9582831929402333,1.3136782992378664,0.46129161652627365,La Palma,Canary,Atlantic
46.5531142914735,3.1344486998589,13.5053416649869,11.67103406571256,0.1612578109252167,8.163676678089097,12.678895383995165,2.8724047571054228,0.8163676678089097,0.443458980044346,La Palma,Canary,Atlantic
44.01536595228468,3.336029114435908,12.707238172260416,13.202587949858474,0.19207440355843108,10.40234532955924,11.585119288313791,2.911443590780429,1.1120097048119695,0.5357864941366762,La Palma,Canary,Atlantic
43.48756624541378,3.3530370974317156,11.873216469629025,12.973909498573175,0.18344883815735832,12.52547900529963,12.128006522625356,1.9873624133713816,1.0701182225845902,0.41785568691398284,La Palma,Canary,Atlantic
43.95124428643982,3.219908583037075,10.7465718638903,13.08278313864906,0.1828339258506856,12.524123920771965,12.412392077196547,2.8847130523108175,0.5485017775520569,0.44692737430167595,La Palma,Canary,Atlantic
42.56694367497692,3.898635477582846,12.639786601005436,13.583666769262337,0.19493177387914232,10.43397968605725,11.911357340720222,2.9239766081871346,1.2106289114599365,0.6360931568687801,La Palma,Canary,Atlantic
44.13743882544861,3.8336052202283852,12.550978792822187,13.162724306688418,0.1937194127243067,10.124388254486133,11.867862969004895,2.416394779771615,1.0297716150081566,0.6831158238172921,La Palma,Canary,Atlantic
43.264222244918805,3.932182616688796,11.816974772750486,14.002655499948935,0.1940557654989276,11.214380553569606,11.735267082014095,2.246961495250741,0.9804922888366867,0.6128076805229292,La Palma,Canary,Atlantic
44.5665638190743,3.0024220354738413,10.110196650064976,11.796193468069509,0.1633971175768077,12.561153413717092,14.113426030696766,2.328408925469509,0.8374102275811394,0.5208283122760745,La Palma,Canary,Atlantic
44.07609808647459,4.088188678485678,13.680867272966815,13.3545072712102,0.19084910292684984,6.981059291271613,12.21434258731839,3.284613508267363,1.3861671686265935,0.7433070324519415,La Palma,Canary,Atlantic
45.275858326179815,3.3350520642052093,16.230586712465353,11.792926010960398,0.2122305859039679,6.750953875421454,8.863153516084754,4.628648016381776,1.9201814915120903,0.9904094008851835,La Palma,Canary,Atlantic
44.48112157799536,3.723532801777892,15.699219380468948,12.225261899711413,0.2012720433393455,6.984139903875289,9.298768402277762,4.478302964300437,1.8919572073898476,1.0164238188636947,La Palma,Canary,Atlantic
44.83387262894701,3.5846902665036464,15.298044376769084,11.907498915555461,0.21205210027204668,7.886318586308022,9.178826626061449,4.2713351626226554,1.7872962737215365,1.0400650632390862,La Palma,Canary,Atlantic
44.674305455228854,3.741347025708782,15.812485542618248,12.02288018252449,0.21177435994578012,6.837286478249473,9.197057917645306,4.598528958822653,1.8454622795275126,1.0588717997289008,La Palma,Canary,Atlantic
44.993361655100664,3.546774004343521,15.808478419359693,11.90826737211934,0.22294008027302128,7.042879808624991,9.231746051305564,4.428400685423196,1.8037879222089905,1.0133640012410061,La Palma,Canary,Atlantic
44.316887014257716,3.998591851059162,15.379974197902621,12.33313986997748,0.23165645484725628,7.221638179368814,9.59863484649718,4.210104266354483,1.7827475003462763,0.9266258193890251,La Palma,Canary,Atlantic
44.7261977271903,3.553864920986679,15.85104524417354,11.920688719636969,0.2524051790473494,7.127922256297145,9.2178371388092,4.492812187042819,1.8274134963028095,1.0298131305131855,La Palma,Canary,Atlantic
44.74088167227873,3.41602677632939,15.800383437417354,11.969292277246188,0.21161227817969672,7.194817458109688,9.230326038695342,4.5547023684391865,1.8440498527087859,1.0379078405956552,La Palma,Canary,Atlantic
45.04089289872184,3.6375307240354773,15.336071362831017,12.255907077836751,0.22167777265590166,7.063459937808503,9.592601798564472,4.171572630888331,1.733117131673413,0.947168664984307,La Palma,Canary,Atlantic
44.86528373159898,3.6155544677609113,15.282553758686879,11.991125140497715,0.21267967457417125,7.626085474016713,9.195864024445118,4.3447419234437845,1.8330962427583333,1.0330155622174033,La Palma,Canary,Atlantic
45.28763041501121,3.610906834871718,15.13958424341466,12.037099142692046,0.22189930270161395,7.332763321094242,9.521497352287435,4.175741423566735,1.7550217577309468,0.9178562066294033,La Palma,Canary,Atlantic
45.6162961432552,3.522143219910633,16.349203484971994,10.987669915152479,0.22202622016628631,7.165391650821058,8.648930485568517,4.54144541249222,1.917499174163382,1.0293942934982365,La Palma,Canary,Atlantic
45.09038807087886,3.5507419688924733,15.35292408140439,11.93756423741108,0.21183403791688052,7.555414019035406,9.270260992648248,4.266942763754308,1.8258076601407325,0.9381221679176139,La Palma,Canary,Atlantic
44.465349738845866,3.8944820990230693,15.146323421200547,12.474526021955766,0.22082114994460703,7.6584789730788705,9.555533397602995,4.004892673995373,1.6862705995769989,0.8933219247759102,La Palma,Canary,Atlantic
44.789289542224274,3.885093429954735,15.137773364383214,12.19286247946864,0.2214301954896481,7.176351335641777,9.420848317195937,4.408473892021176,1.8418966261184369,0.9259808175021648,La Palma,Canary,Atlantic
42.565594839496214,3.77354564179931,14.409912957484297,13.278889757262805,0.22138134431889284,8.855253772755715,10.364672029475438,4.04524092800886,1.5999833521229074,0.8855253772755713,La Palma,Canary,Atlantic
43.412937820988816,3.928316879393419,14.423973772541993,12.942454388211988,0.2215973624273211,8.450917594387382,10.20355127903983,3.9383894867764795,1.5713267517573677,0.9065346644754045,La Palma,Canary,Atlantic
43.51064249164339,3.9280441138289164,14.090599269863215,13.200296992365109,0.2215819756518876,8.762559946233736,10.142411340065948,3.7366778621295595,1.5107861976265065,0.8963998105917272,La Palma,Canary,Atlantic
43.81974302450635,3.696976020688237,13.64959811453014,12.793674629160565,0.21154358701485826,9.6403434653914,10.264900722292408,3.5559469626783318,1.4304375883861844,0.9368358853515153,La Palma,Canary,Atlantic
43.587546170334775,3.6742388804092827,13.77084599561616,12.925571738245772,0.2113945657221779,9.512755457498006,10.36840012827825,3.583641209385492,1.4596291442721807,0.9059767102379053,La Palma,Canary,Atlantic
43.72736756088663,3.6271549128846052,13.400322317045903,13.200167848608679,0.2216594668985037,9.82354455572914,10.226561768271873,3.4760234581810803,1.4105602438995686,0.8866378675940148,La Palma,Canary,Atlantic
43.62081347728039,3.685554842409107,13.429556001107157,13.142074645470824,0.212045621070113,9.582442590263678,10.440722485071278,3.5441910950290314,1.4338322948550497,0.9087669474433414,La Palma,Canary,Atlantic
43.60731294436658,3.7866858353537722,14.22021382850938,13.248638867719706,0.22156140526006116,8.862456210402447,10.26232145272738,3.4845566463627797,1.4099362152912982,0.896316594006611,La Palma,Canary,Atlantic
43.781481653103405,3.8547833271582994,13.89936233630708,13.091242741483256,0.2214235853720172,9.078367000252705,10.245873177668797,3.512583240674273,1.429188596492111,0.8856943414880688,La Palma,Canary,Atlantic
43.752677059825785,2.7611898283695155,14.008977805698278,13.347366268521366,0.22333153023576965,8.912958343045716,11.125970779018344,3.613910216542454,1.3805949141847578,0.8730232545580086,La Palma,Canary,Atlantic
44.02965708735818,3.677534287616873,13.37010410867833,12.887776847300032,0.22165960089745537,9.591815457017159,10.276945132518385,3.637232541999154,1.43071196942903,0.8765629671853916,La Palma,Canary,Atlantic
43.89998394110265,3.6212429149573158,13.574603329253401,12.35176017289068,0.22253448080743282,9.52852186002735,10.428774986930147,3.7325101553610316,1.7499302354402673,0.8901379232297313,La Palma,Canary,Atlantic
43.840496863802024,3.567709399950785,13.091679408293984,12.883389680297764,0.22172205310428608,10.269762368784887,10.451171321324757,3.4467700982575384,1.3807236943312362,0.8465751118527287,La Palma,Canary,Atlantic
44.87542424877088,3.6412740287269694,15.573759280760225,12.004225411041336,0.22190589648751613,7.242201530819845,9.26961449418306,4.367511508140658,1.815593698534223,0.9884899025352991,La Palma,Canary,Atlantic
43.59251674291226,3.7385168080491096,13.785150925636607,13.016503808409944,0.22169102365789867,9.2908692642083,10.359016923650902,3.6276712962201607,1.481299112623232,0.8867640946315947,La Palma,Canary,Atlantic
42.71912623959364,3.7758848548266415,12.188110898689748,12.678866601247691,0.19233729823513723,11.621222019680925,11.762944239433129,3.1482578816382984,1.1540237894108232,0.7592261772439627,La Palma,Canary,Atlantic
42.41917551026083,3.850761274223392,11.937359950092514,13.043730278655477,0.19253806371116958,12.210966672208388,11.511749493467823,2.9792731963728345,1.1450947999664296,0.709350761041151,La Palma,Canary,Atlantic
42.65430646867574,4.4947330555716825,12.297102626078733,12.936107562391411,0.1826302370209713,10.805622357074137,11.657896796505336,3.1148601536354548,1.2175349134731421,0.6392058295733996,La Palma,Canary,Atlantic
42.385796471977756,4.3773999703309565,12.027717048108437,13.374091790834864,0.1823916654304565,11.460276311213685,11.348814737895072,3.0499939608093003,1.1855458252979674,0.6079722181015217,La Palma,Canary,Atlantic
42.215676603689275,4.47911688102804,11.900199168004042,13.247649863361492,0.1832365996784198,11.869659734724305,11.157072958197118,3.1353818167196277,1.1910378979097287,0.6209684766879782,La Palma,Canary,Atlantic
41.95153051568817,4.744032512109679,11.783564626853074,13.7096193818846,0.18363996821069722,11.834575729133821,10.77354480169424,3.1626883414064526,1.3160864388433302,0.5407176841759419,La Palma,Canary,Atlantic
42.071947758307815,4.74793140846107,12.032150962467583,13.62417091530439,0.18261274647927192,11.321990281714859,10.875603568098862,3.216013368551622,1.3391601408479943,0.5884188497665428,La Palma,Canary,Atlantic
43.46306012255688,3.876270109244891,14.650469704232657,12.158225398371709,0.21365268318672623,7.437148162356995,11.038721964647523,4.201836102672283,1.6278299671369618,1.3327857855933876,La Palma,Canary,Atlantic
43.24337096233102,3.9414000382529677,14.70641254583278,12.311487521038625,0.2138744206803936,7.3939442578078935,11.009440416928834,4.114536474041858,1.7211798616660248,1.344353501419617,La Palma,Canary,Atlantic
43.371114915024364,3.9493226993210415,14.746179071108282,12.206658443775414,0.21430433252129683,7.316962210369993,10.990750767877937,4.133012127196438,1.694024723739775,1.3776707090654796,La Palma,Canary,Atlantic
45.38465497503884,3.3995618418733247,15.545177443106212,11.137269243139103,0.20175441198061278,6.8192991249447115,10.138159202025792,4.670614637351185,1.9065791932167904,0.7969299273234204,La Palma,Canary,Atlantic
42.08194946501093,4.739187818171491,12.036517877979634,13.88946693391202,0.18345243167115444,11.669613014637324,10.232568966546614,3.2002257524856943,1.4676194533692355,0.4993982862159204,La Palma,Canary,Atlantic
43.63813522101084,3.7102071641437124,13.844663445380101,11.564925128629325,0.2032990226928062,8.508064099693938,11.771013413913478,4.025320649317562,1.8500211065045364,0.8843507487137069,La Palma,Canary,Atlantic
45.80261574978933,3.082479656594383,14.492707631332284,10.810219772310067,0.19202332286981405,8.479345678303893,9.84372191974731,4.578240276843461,1.8899137566660649,0.8287322355434079,La Palma,Canary,Atlantic
45.110597040724606,3.0552590953798675,13.596914649637556,11.265968458354907,0.1922182874576738,9.98523419582758,10.359554018771473,3.996117028725324,1.6287970674044991,0.8093401577165213,La Palma,Canary,Atlantic
43.14613733752059,3.566962311415761,13.552441550435587,11.934320333972465,0.22167562387329587,8.222150412754974,11.083781193664793,5.038082360756724,2.0656137679102566,1.1688351076955599,La Palma,Canary,Atlantic
43.36965812472995,3.6013492946225383,13.17766446441429,12.196648731674351,0.22508433091390864,8.747595587790542,11.315603181399227,4.276602287364264,1.9234479187188558,1.166346078372072,La Palma,Canary,Atlantic
44.155985152441446,3.766334887230885,14.116182767691093,11.76880899564753,0.21204566389235543,8.471729143127916,10.753744383112313,3.9278934882917276,1.8478264996333833,0.979449018931356,La Palma,Canary,Atlantic
44.946338505991775,3.2853153257742864,13.806386491750835,12.263941023954182,0.20155308747081513,9.170665479922087,10.682313635953202,3.7085768094629983,1.2798621054396762,0.6550475342801492,La Palma,Canary,Atlantic
44.26828502371416,3.844560330802878,14.464268710480626,12.469939443299763,0.20675179856843878,7.1868789088853635,10.851784994337372,4.103582549783524,1.7141861515801673,0.8897620885477129,La Palma,Canary,Atlantic
44.41146027197495,3.8248836177665826,14.652128023006206,12.31892556126065,0.2078818688462735,6.8561755242936755,10.810061135727434,4.23182627051667,1.7544781028038814,0.9321796238036723,La Palma,Canary,Atlantic
44.27959314741029,3.8825925565988606,14.65397424802665,12.381844144051037,0.207066803854209,6.746511050333124,10.93705570235857,4.22386456483834,1.7384458831653717,0.9490518993635797,La Palma,Canary,Atlantic
44.35986848862598,3.8393246669249717,14.616555667080567,12.25419159453982,0.20781278442690557,6.8480592106266736,10.977823472522648,4.2161029230060505,1.7474680602885893,0.9327931319578132,La Palma,Canary,Atlantic
44.42345588734944,3.8219570846268773,14.53791987115449,12.241540709968795,0.20583435684243304,7.025650439610261,10.940762910667182,4.159689732217566,1.7352662864723372,0.9079227210906433,La Palma,Canary,Atlantic
44.431909497231025,3.7943757807266403,14.422283805495201,12.273896248106887,0.2040079537278162,7.23896577233644,10.901842755388437,4.118590952659926,1.7202189654989077,0.8939082688287087,La Palma,Canary,Atlantic
44.45660337533288,3.7766288271174218,14.363864203868385,12.223824058903874,0.20395240393334588,7.361703261291669,10.958509697601244,4.069006714393886,1.7076979352700874,0.8782095222872179,La Palma,Canary,Atlantic
44.28000908659443,3.807242502545463,14.228481200079507,12.473784769407384,0.2055639164844615,7.504097080525886,10.94975194408499,4.021172981985015,1.669002543435138,0.8608939748577177,La Palma,Canary,Atlantic
44.46548018961665,3.731107239584764,14.152801890064245,12.25531326309666,0.20432302361461566,7.686369752463014,10.955131314918836,4.022844717553169,1.6784185458994536,0.8482100631885986,La Palma,Canary,Atlantic
44.422137829804704,3.7222341943799524,14.103738294956921,12.34035805335426,0.20472389719485568,7.805174818350742,10.904292086313383,3.981086927352495,1.676723279160449,0.8395306191322308,La Palma,Canary,Atlantic
44.56144402187375,3.694794886493398,14.12033210427826,12.187126305118642,0.2026949011932295,7.818835010419585,10.91068250450532,3.991283864926355,1.6828508923407777,0.8299555088506714,La Palma,Canary,Atlantic
44.55661284724079,3.6737785375734413,14.032246801747867,12.243040147691225,0.20189293099502478,7.950279596988882,10.930812551511746,3.952432577904115,1.6474585497655114,0.8114454585813669,La Palma,Canary,Atlantic
44.82347709281684,3.5677286826461785,13.87610055844959,12.139546982937196,0.19786346001428962,8.19698316537927,11.092320899847726,3.809099792248439,1.5432538549653743,0.7536255106951235,La Palma,Canary,Atlantic
44.5612601515499,3.6568109109448153,14.003303984272913,12.221602872836097,0.2017020126154888,7.873213274058053,11.122823058630786,3.9193677978484107,1.622374747556059,0.8175411896874785,La Palma,Canary,Atlantic
44.731213598323066,3.577148064003462,13.784423345629968,12.200132972306916,0.19834104603188388,8.272015221215026,11.13686243258055,3.8091639150338445,1.5406096307910633,0.7500897740842154,La Palma,Canary,Atlantic
44.888423451553514,3.576207816643823,13.90590911671438,12.043697942433557,0.18947534894283094,8.20015652752208,11.136365479598703,3.7788622963317406,1.527359875426801,0.7535421448325641,La Palma,Canary,Atlantic
44.73821463578968,3.6034427124450286,13.781707190852988,12.206976748905635,0.19878194057444837,8.215102556869496,11.226055350471132,3.7546346937905763,1.52247281081114,0.7526113594898844,La Palma,Canary,Atlantic
44.76867640272359,3.571437597394688,13.780549014137048,12.19155295212996,0.1980369173567379,8.261394578196025,11.175640751529379,3.7803417779550244,1.525511026733973,0.7468589818435832,La Palma,Canary,Atlantic
44.62611803329212,3.629242326907347,13.730971939526576,12.24612882009059,0.19751985276071116,8.245267509030244,11.315372004226955,3.755734632511533,1.4971402737928252,0.7565046078610962,La Palma,Canary,Atlantic
44.52014026108646,3.6676816429658907,13.64326552427845,12.31940980207962,0.1984062712578148,8.304112273654887,11.42718894755596,3.7024027404360083,1.4681051796184121,0.7492873570665025,La Palma,Canary,Atlantic
44.46168707548845,3.6580594679186236,13.68399399835439,12.382427439781878,0.1976348353580821,8.26839617314425,11.382153171030769,3.720072439217205,1.482563767484633,0.7630116322217384,La Palma,Canary,Atlantic
44.397613749492045,3.6948914761588965,13.735845674228568,12.377403031506987,0.19704140790189925,8.144915319528854,11.481123956821094,3.7129187759362745,1.479094626706488,0.7791519817189081,La Palma,Canary,Atlantic
44.42366006379711,3.6924167471956233,13.650693154887222,12.369651640316784,0.19836882161144753,8.236521876107588,11.517811793478314,3.6710601649758106,1.4664348240530654,0.7733809135770306,La Palma,Canary,Atlantic
44.08537750876074,3.718432621854093,13.321643835616436,12.467664861420834,0.19618986938515448,8.600802803440585,11.925173622172665,3.502516725071678,1.3886205798024847,0.7935775724753104,La Palma,Canary,Atlantic
44.19090555865486,3.7218964164387534,13.454090613820108,12.548436207832337,0.19568505138559425,8.469640091699333,11.714746327566592,3.5312508976667463,1.400586903968178,0.7727619309674743,La Palma,Canary,Atlantic
44.15507217709949,3.7446649714207636,13.453958168074045,12.530817245830367,0.19576215713583647,8.403294513969465,11.777132940857397,3.5617497058469665,1.403369963967528,0.7741781557981283,La Palma,Canary,Atlantic
44.12776895812867,3.7401084536718865,13.503740159385238,12.51897837394871,0.19629024675833334,8.371672067959008,11.752203681435295,3.5820168797388647,1.4189024349871324,0.7883187439868924,La Palma,Canary,Atlantic
44.27809837253817,3.7031698020884996,13.5972728606285,12.324103621956601,0.18795780771048307,8.408815084134343,11.693330822491795,3.600638132746027,1.4179825320551054,0.788630963650493,La Palma,Canary,Atlantic
44.09296434857926,3.7213241274888023,13.46108666784725,12.512831233569296,0.1958618352050993,8.485384191108379,11.801487433636579,3.537995420080506,1.405486262524882,0.7855784799599345,La Palma,Canary,Atlantic
44.21951192363852,3.708789401839823,13.518381538218685,12.314735081411833,0.18760492063219011,8.348216589577302,11.95632266022563,3.540815201058035,1.4000548445884478,0.8055678388095283,La Palma,Canary,Atlantic
44.10313865037629,3.7234279422064067,13.439358424723801,12.458656691644704,0.19614034661581992,8.457110239376236,11.840784237522113,3.582142119773133,1.407494221045515,0.791747126715975,La Palma,Canary,Atlantic
44.24036433726884,3.6978540755033547,13.501089118094653,12.33348520848177,0.19478752259015425,8.305379132354606,11.918529685475743,3.582775523434132,1.4213067582402463,0.8044286385565135,La Palma,Canary,Atlantic
44.32369162260626,3.6862335536395596,13.525053270076118,12.277315380629696,0.18826229896782418,8.507308396133862,11.750920418786116,3.5451254651476694,1.4078393495048807,0.7882502445080032,La Palma,Canary,Atlantic
44.181113402397884,3.7148385237005574,13.532880700919847,12.345446368865028,0.1958770079812496,8.248428680346139,11.913253885836198,3.622960696763955,1.436227671625387,0.8089730615637463,La Palma,Canary,Atlantic
44.2164429640733,3.7195085181305774,13.582945800071858,12.354443824526358,0.19641437351872096,8.158341605945942,11.834219377017796,3.6646280314121107,1.4569933094453726,0.8160621958579676,La Palma,Canary,Atlantic
44.245746127146546,3.701888387895481,13.53902474221062,12.243254943758496,0.18820586693941407,8.303488922588501,11.974541320985434,3.5820887965103174,1.41582255888079,0.8059383330843837,La Palma,Canary,Atlantic
44.33896774128072,3.6797876821118125,13.499337775229245,12.229591551940246,0.1865900752551215,8.599280433160972,11.736855726341325,3.5440950355977536,1.400161369714254,0.7853326093685777,La Palma,Canary,Atlantic
44.24201836386845,3.7143655603195422,13.597470247461562,12.346642564194234,0.19683126339084528,8.053716958758086,11.923372264868718,3.6439715704959554,1.469260535810047,0.8123506708325675,La Palma,Canary,Atlantic
44.38656782811049,3.6971658726564263,13.788745194834279,12.144674953423559,0.18993706758551962,8.000960276624227,11.772164283963484,3.697065003263126,1.4917574575264205,0.8309620620124858,La Palma,Canary,Atlantic
44.32817939791112,3.7209195166905586,13.757423714929345,12.08273602293672,0.18840876510342003,7.974503379070244,11.89898627892689,3.728957608027852,1.4776776571779644,0.8422076592258857,La Palma,Canary,Atlantic
44.303988744485316,3.724101034171881,13.814551510009382,12.149911530266042,0.18970198002717906,7.929910325484898,11.870871965457495,3.683567295705364,1.4891299131842874,0.8442657012081504,La Palma,Canary,Atlantic
43.52616781951232,3.189239214571433,11.835298346772468,12.71040012524997,0.19148001485283384,11.667199700059276,11.404700067002555,3.3378190539610038,1.3388665804543092,0.798829077563826,La Palma,Canary,Atlantic
42.3992977417628,4.01286796885505,15.209320144003533,13.456566799524047,0.21539640295618243,10.432340412576714,10.133829920564647,2.242761133254008,1.060440382893111,0.8371790936099067,La Palma,Canary,Atlantic
44.07179487179487,3.3743589743589744,12.553846153846154,12.42051282051282,0.1846153846153846,11.302564102564103,11.261538461538462,2.923076923076923,1.3333333333333335,0.5743589743589744,La Palma,Canary,Atlantic
44.11824668705403,3.3843017329255862,12.945973496432211,12.334352701325178,0.1834862385321101,10.56065239551478,11.518858307849134,3.08868501529052,1.3047910295616718,0.560652395514781,La Palma,Canary,Atlantic
43.358498265660074,3.203427871862886,11.650683533972659,12.415833503366661,0.1836359926545603,13.211589471536419,10.956947561722098,3.1626198734952053,1.2854519485819222,0.571311977147521,La Palma,Canary,Atlantic
43.36682386713143,3.1986877178593396,11.595242977240106,12.56920237851138,0.18453967603034652,13.409883124871847,11.144145991388147,2.778347344679106,1.1995078941972521,0.5536190280910396,La Palma,Canary,Atlantic
44.02839214072626,3.590165620820904,14.576689640983439,12.714741281761135,0.19545314268079417,8.85711346569283,9.433185886225697,4.135377018825224,1.7179302540890857,0.7509515481946302,La Palma,Canary,Atlantic
46.97883651978326,3.2614252121459972,14.016971679787343,12.851446682343317,0.18403026275431958,7.79061445659953,10.479501073509866,3.026275431959922,0.8894796033125447,0.5214190778039055,La Palma,Canary,Atlantic
42.1679326626976,4.485731882570314,13.765140628207762,13.128721001847671,0.19503182098131802,8.037363990966949,11.845616916444262,4.598645042085815,0.9956887702730446,0.7801272839252721,La Palma,Canary,Atlantic
45.11770726714431,3.5005117707267144,13.326509723643806,13.101330603889458,0.18423746161719548,9.31422722620266,10.9007164790174,2.9375639713408392,1.0235414534288638,0.593654042988741,La Palma,Canary,Atlantic
44.394204090021574,2.9287842976055902,11.54043777617922,12.79416298427705,0.18497585037508987,12.711951495221454,11.571267084575068,2.5177268523276126,0.8632206350837527,0.493268934333573,La Palma,Canary,Atlantic
43.660677827684765,3.9199673336055527,14.220089832584726,12.9542670477746,0.1837484687627603,7.860351163740302,11.719069007758268,3.542262147815435,1.2556145365455287,0.6839526337280523,La Palma,Canary,Atlantic
44.83430799220274,3.4779932286857504,13.665743305632505,13.214322355596597,0.19493177387914234,8.36154714271058,11.613829896378375,3.067610546834924,0.9028419000718171,0.6668718580075922,La Palma,Canary,Atlantic
42.71854575163399,4.0339052287581705,12.816584967320264,13.45996732026144,0.19403594771241833,9.548611111111112,11.662581699346406,3.3394607843137263,1.4808006535947713,0.7455065359477124,La Palma,Canary,Atlantic
41.604496678589676,4.476239141543178,14.481349003576902,13.827286663260091,0.20439448134900357,7.000510986203372,12.171691364333162,3.7506387327542154,1.5329586101175268,0.9504343382728666,La Palma,Canary,Atlantic
42.12087125472952,4.35627364761223,13.907352490029655,13.661928622558545,0.20451988955925968,6.503732487984458,13.222210860006136,3.691584006544637,1.5338991716944474,0.7976275692811128,La Palma,Canary,Atlantic
44.95562582882791,3.855962460471284,14.740385596246048,12.934815872692033,0.19381821891257778,6.6612261552585945,11.119045190247883,3.4989288993165357,1.2241150668162808,0.8160767112108539,La Palma,Canary,Atlantic
40.870368469670524,4.290259673611822,12.68603099661295,13.825310479318484,0.20527558246946523,9.986657087139484,12.388381402032225,3.202299086523657,1.5087755311505693,1.0366416914707992,La Palma,Canary,Atlantic
43.789776226647504,3.8801067542599053,13.046602340381853,13.231369328679943,0.195031820981318,9.546294395401356,11.896941079860397,2.7099158283719977,1.1291315951549992,0.5748306302607268,La Palma,Canary,Atlantic
44.906169441928526,3.2601429339952643,10.506040552185329,12.509618716781675,0.19928773420974208,13.694644299541196,11.620007886998831,2.1155159477649477,0.7910190065555909,0.39755348003892055,La Palma,Canary,Atlantic
45.468230794940865,3.724220524158067,13.106391460017846,12.171830155281,0.20155808880745643,9.617492562386229,10.814563445151297,3.018255644578656,1.2410657955504754,0.6363915291281101,La Palma,Canary,Atlantic
43.98125971136322,4.923955821175427,14.21462966483363,12.332310030763658,0.21175036350322285,7.983697915815309,10.840808083657794,3.3839531775156293,1.3525681113722632,0.7750671199998367,La Palma,Canary,Atlantic
42.5215863547351,4.085447672514482,11.031737795807347,14.223093237506465,0.21816496387230927,12.554776222840443,11.525696204574883,2.4697920438374643,0.7913625340462557,0.5783429702652737,La Palma,Canary,Atlantic
43.44643098911918,3.931943069194855,11.89849090651915,13.112271106708423,0.20019031292245362,10.01978181601614,12.760849177569714,2.812930550807812,1.1775296867797655,0.6395823843625051,La Palma,Canary,Atlantic
43.73409856857386,3.72334963389115,11.902511124734037,12.300873800859492,0.19227133355339504,11.607491618223484,10.956414086614124,3.306253090203887,1.31436276693644,0.9623739764101169,La Palma,Canary,Atlantic
43.727365062246925,3.8010574636862797,12.609374626201921,12.128673977486196,0.1915732961697888,10.663233204794537,11.088951640727421,3.4158836406994006,1.6065802879847335,0.767306800002804,La Palma,Canary,Atlantic
44.22831770269128,4.026232780653625,15.030599682390216,11.741162065387682,0.20984604766997703,6.857648352085848,10.311573730003161,4.478054414392809,2.081391659425175,1.0351735653002203,La Palma,Canary,Atlantic
43.53183252784005,3.9455137965659413,13.32998395208084,12.357121409990214,0.20383472810903291,8.61756721807497,11.685178967834704,3.713424749709124,1.7103953670535215,0.9051472827415981,La Palma,Canary,Atlantic
42.69203232075279,3.9991817530939957,13.265827963588011,13.99202209266646,0.19433364017592306,9.235961951518869,12.130510381507618,3.017285465889332,0.9102996829293238,0.5625447478776721,La Palma,Canary,Atlantic
42.08805802431301,4.157728062110532,12.56512411890898,13.15762590662989,0.1940954132189192,10.195116968025335,13.137194810501581,2.533455919910103,1.2973746041475125,0.6742261722341404,La Palma,Canary,Atlantic
45.04679034929656,2.9922261555982526,14.379025348403887,11.918257365068527,0.18382276723811788,8.261812149757631,11.876993238773952,3.4211459458205273,1.3071841225821716,0.612742557460393,La Palma,Canary,Atlantic
44.759407104703165,2.8115721106576497,13.288269647086334,12.1229797238244,0.18470181748845874,10.784533898909451,11.215504806382521,3.0783636248076456,1.2005618136749816,0.5541054524653762,La Palma,Canary,Atlantic
44.615804066285605,2.728670810078627,12.879733487871132,12.285451384972507,0.1832689350052809,11.505216475331526,11.077588960319202,3.023937427587135,1.1607032550334457,0.5396251975155494,La Palma,Canary,Atlantic
44.53839304134427,2.6055367044296465,12.20327542426229,12.317583169291389,0.18320179953020954,13.007327766644877,10.707127394765578,2.8294500149665693,1.0992107971812572,0.5088938875839153,La Palma,Canary,Atlantic
44.56440519084069,3.164215668612143,14.055241857028774,11.177404037861741,0.19393579904397001,9.012911081885553,10.982890514279566,4.1543089584682,1.7658364860319373,0.9288504059474354,La Palma,Canary,Atlantic
45.245591611404464,3.365793505486507,14.0207602954453,11.658058413224632,0.19262071266338443,9.114001088651717,10.452208145049967,3.609103879377098,1.5713794980433995,0.7704828506535377,La Palma,Canary,Atlantic
43.87058662049564,2.254418766458138,11.302286940770038,10.608270162137599,0.15096554239675028,14.220954093773877,13.627156293679993,2.596607329224105,0.7749564509699848,0.5937978000938845,La Palma,Canary,Atlantic
46.31058051480685,3.1864138363064,12.786638159840477,13.095941609161116,0.19466836942064827,10.932165798517458,9.68218995276382,2.458968876892399,0.8503934032586212,0.5020394790321981,La Palma,Canary,Atlantic
45.53774613657761,3.0257302432970463,13.14522938475874,11.545458004483343,0.16191198626338707,11.900530990358948,11.050493062476168,2.459038291375191,0.6780064424779334,0.4958554579316229,La Palma,Canary,Atlantic
49.57976273559288,3.087421330593715,13.868254120158738,11.571023583353318,0.20113494010382507,6.798360975509288,9.79527158305628,2.9566836195262285,1.1364124115866114,1.0056747005191253,La Palma,Canary,Atlantic
42.674700430199536,3.501253661930759,14.471848469313803,12.864452343949273,0.1725255427618055,7.114141498589745,12.401541956172137,5.00324074009236,0.9133705205036763,0.8829248364868869,La Palma,Canary,Atlantic
44.91911675662125,3.2374138202970277,13.546553454305373,11.689421133210171,0.19222144558013599,10.349607306762058,10.05621667929764,3.702792056964725,1.6794084192790826,0.6272489276825489,La Palma,Canary,Atlantic
45.43511884247177,2.4882099811326928,12.329788483742895,12.771045214275034,0.19217881968098033,12.67368742422465,9.295386067727417,3.0950904643357884,0.9305500742447469,0.7889446281640246,La Palma,Canary,Atlantic
43.65131913557387,3.2300558580951204,12.525326321202707,13.507407085114362,0.18226020515897232,11.92791787095941,10.28757602452866,3.037670085982872,0.8505476240752041,0.799919789308823,La Palma,Canary,Atlantic
46.26841138274535,3.2488471470927713,14.81594999277911,12.100076723084422,0.18105030541074266,7.714754680557758,8.941873417230568,4.395499081360808,1.518810895390119,0.814726374348342,La Palma,Canary,Atlantic
43.45894568577725,3.4771164752051433,14.449573363820797,12.019934719593204,0.19038966290748624,7.475299396262354,10.99249790576381,4.890008184150172,1.7636095090377673,1.2826250974820126,La Palma,Canary,Atlantic
43.872546075313494,3.5455606146029446,16.150882346406615,11.049618122029239,0.2209697833463592,6.588917176145983,11.289547112786714,4.379219342682392,1.9887280501172326,0.9140113765690312,La Palma,Canary,Atlantic
45.501216256344726,3.3204413559082178,14.155031345981822,11.718907803467724,0.19293084330965182,7.473531614521249,11.41338252000256,3.4118296501075265,1.959771197829621,0.8529574125268816,La Palma,Canary,Atlantic
44.64575283326117,3.6713250051952806,15.02090590768263,11.847520373870655,0.21356738257368668,7.190101879980785,10.169875360651748,4.017100767457441,2.1865232025401258,1.0373272867864782,La Palma,Canary,Atlantic
43.347981994175726,3.417433929308273,12.812857003394734,11.973353773687808,0.20161852090314294,11.189827910124432,11.159585131988962,3.407353003263115,1.6835146495412432,0.8064740836125718,La Palma,Canary,Atlantic
41.44604948447499,3.440578963922348,14.856141537861237,12.275180289818067,0.19887739675851723,9.29751829846068,10.987976170908077,4.613955604797599,1.9489984882334686,0.9347237647650309,La Palma,Canary,Atlantic
42.04666545009378,3.5848312053187836,10.984804000655604,12.712364198983686,0.1802429097646316,12.306585338929567,12.747179118354223,3.064129465998737,1.4819972580647485,0.891201053836234,La Palma,Canary,Atlantic
42.73538892430182,3.839350557169166,14.724210906421018,11.8054944001062,0.23116508590285556,7.990271447511746,11.45774773605458,3.959958428075004,1.718662160408187,1.5377503540494304,La Palma,Canary,Atlantic
45.18590119461978,3.0868570703740255,14.540721463077647,11.384862983045663,0.1929285668983766,6.986044948741216,12.052958363598579,3.9194961485670192,1.7566653722852181,0.893563888792481,La Palma,Canary,Atlantic
43.158629345017005,3.609189664130023,13.547098459199528,12.176384839502775,0.21230527436058963,8.57308917418,13.01128038581328,3.4777625895258493,1.3142707460417453,0.9199895222292217,La Palma,Canary,Atlantic
45.97688758679353,3.768929524523401,14.001775814224033,11.78475975799663,0.2127621505779339,6.757731163594377,11.397972352389317,3.5561673739454664,1.5501242399249473,0.9928900360303583,La Palma,Canary,Atlantic
45.97225011280247,3.827618515164504,14.412259582432746,10.239794073715606,0.19393267143500154,7.7368928919858515,11.176646064280352,3.5520299820726597,2.0311895587139635,0.8573865473968489,La Palma,Canary,Atlantic
45.50194138911766,3.6413724829900227,14.129336681908361,12.008617576773114,0.18257577909142172,7.546465535778765,10.863258855939595,3.5297983957674868,1.7750422967221557,0.8215910059113979,La Palma,Canary,Atlantic
42.288354719310526,3.5531400236191986,12.3561442394398,12.528878744385787,0.17965314726164489,10.719304453278147,11.168437321432258,4.730866211223315,1.576955403741105,0.8982657363082245,La Palma,Canary,Atlantic
43.144161717172985,3.6455611506829126,13.075814375176728,11.833660215302222,0.1908144954902902,8.205023306082479,13.22645739793222,4.037233009847192,1.737416195780011,0.9038581365329537,La Palma,Canary,Atlantic
42.39413510583396,3.449866747639632,13.185933837188216,11.570762550298403,0.1911004903940321,11.466029423641928,10.198731434713082,4.898207306415454,1.6494989697169085,0.9957341341583779,La Palma,Canary,Atlantic
45.350692831196874,3.8522610989196444,14.919868383117354,11.927935405122836,0.19363217163881813,6.603876169576534,10.231931596072283,3.8420699319912854,1.9668952171732577,1.1108371951911147,La Palma,Canary,Atlantic
44.52204952478985,3.541526666744647,14.793462819373355,12.068952188540031,0.192254304766138,8.702036952572561,10.584105409756859,3.60223855246027,1.3053055428858842,0.6880680381103886,La Palma,Canary,Atlantic
45.198694986713114,3.6057385888276747,14.443268375529449,11.43087184626106,0.1726691718593535,8.349062309905209,11.121926069764237,3.1080450934683626,1.8485758399060197,0.721147717765535,La Palma,Canary,Atlantic
44.3956028519815,3.5416716881917822,13.917273253598694,12.216424832677461,0.1895542593680109,8.91902673026325,9.757056087469193,4.499419524998575,1.6660821744451486,0.8978885970063675,La Palma,Canary,Atlantic
43.604454093367956,3.905477421104981,13.11555948376229,12.294854604860838,0.20030670278347718,9.01883445698469,11.716432263314951,3.673967161606491,1.5772894636266732,0.8928243485876582,La Palma,Canary,Atlantic
44.353284299666655,3.995335757894717,13.988732539666834,11.981236037468815,0.20735286844770057,7.929982871365701,10.974529866622197,3.975106209753476,1.7984068297561508,0.7960327193577562,La Palma,Canary,Atlantic
44.961657105918455,3.507432565088454,14.261543332184434,12.224484292819273,0.19653716959547388,8.214245806169806,10.784347254726008,3.799718612179164,1.3324212215652131,0.7176126397537305,La Palma,Canary,Atlantic
43.53864506993935,4.151829031031345,13.51617334189769,12.29842023939682,0.2040558307222214,8.50569353802528,11.374597296694116,3.7174527577117615,1.8142785741441094,0.878854320437292,La Palma,Canary,Atlantic
44.360482695507265,3.833002576268669,14.00751726824888,11.700464211611763,0.19967735933965053,8.007162449901562,11.027407935390794,4.2142960262639795,1.7890690035306387,0.8609204739367844,La Palma,Canary,Atlantic
43.24453192599739,4.077950230882229,13.1975453989497,12.205383424834686,0.20592634250475006,8.348639403025073,12.386013014694559,3.824346360802491,1.6200215220693852,0.8896423762397311,La Palma,Canary,Atlantic
45.47245884742473,3.5973767443740456,11.519689574680934,11.903679227170297,0.17178484453471568,11.933994199735249,10.812340214832103,2.708137549135518,1.42581420963814,0.4547245884742474,La Palma,Canary,Atlantic
45.637314032971446,3.3273019702452755,12.1632488942501,12.203457981503819,0.18194611982308,11.741053478086046,10.504624045034177,2.6236429433051867,1.1258544431041417,0.49155609167671893,La Palma,Canary,Atlantic
45.35514699927107,3.1080424394589774,12.04746092168138,12.573904592208631,0.18121810966226612,11.541265084635944,11.197051915445048,2.622094435895359,0.8625577063254231,0.5112577954158904,La Palma,Canary,Atlantic
43.18603448800219,3.8411240534047026,12.36783147308983,13.624889753961256,0.19058625548695807,10.46196891822025,11.698752065529233,3.2541589367719963,0.777551372119664,0.597102683413927,La Palma,Canary,Atlantic
43.59286293592862,3.366788321167883,11.354420113544199,13.36171938361719,0.18856447688564473,11.739659367396591,12.935928629359283,2.575020275750202,0.4927007299270072,0.3923357664233576,La Palma,Canary,Atlantic
43.46808099111297,3.4194211721112047,11.503262651043947,13.539238341494203,0.19036372705709895,11.5134425294962,12.592509645434832,2.7078476682988404,0.6576201480154327,0.4082131259352763,La Palma,Canary,Atlantic
44.72344482080198,3.874003610327972,12.879540798734357,12.605723789627406,0.1886294951625662,9.614019430866277,11.25692148550798,3.3669350749447298,0.7971117376224572,0.6936697564042758,La Palma,Canary,Atlantic
43.83876775355071,3.8807761552310462,13.892778555711145,12.722544508901782,0.21004200840168036,8.241648329665935,11.122224444888978,3.8007601520304064,1.4102820564112823,0.8801760352070415,La Palma,Canary,Atlantic
44.17883576715344,3.8807761552310462,14.252850570114022,12.12242448489698,0.22004400880176037,7.591518303660733,10.552110422084418,4.380876175235048,1.9603920784156834,0.8601720344068815,La Palma,Canary,Atlantic
43.298659731946394,3.8807761552310462,13.202640528105622,12.422484496899381,0.20004000800160038,9.311862372474497,11.712342468493702,3.7407481496299266,1.3802760552110422,0.8501700340068015,La Palma,Canary,Atlantic
44.7261663286004,3.874239350912778,12.880324543610547,12.596348884381337,0.19269776876267747,9.614604462474645,11.25760649087221,3.367139959432048,0.8012170385395537,0.6896551724137931,La Palma,Canary,Atlantic
43.59286293592863,3.3657745336577447,11.3544201135442,13.351581508515814,0.19261962692619627,11.739659367396593,12.935928629359287,2.5750202757502025,0.4967558799675588,0.3953771289537713,La Palma,Canary,Atlantic
43.46940853099867,3.4205436221113703,11.503613967219788,13.529471648172652,0.1934235976789168,11.513794156571311,12.592894227832636,2.707930367504835,0.661712307848926,0.40720757406087743,La Palma,Canary,Atlantic
44.2055794420558,3.399660033996601,13.918608139186084,13.638636136386365,0.19998000199980007,8.269173082691731,10.568943105689431,3.7696230376962307,1.3298670132986703,0.6999300069993001,La Palma,Canary,Atlantic
44.10955890441097,3.4799652003479973,13.89986100138999,13.789862101378988,0.20099799002009985,8.029919700802992,10.849891501084992,3.6399636003639975,1.309986900130999,0.6899931000689994,La Palma,Canary,Atlantic
44.10569105691057,3.7703252032520327,13.983739837398376,12.510162601626018,0.20325203252032523,8.221544715447154,11.14837398373984,3.7703252032520327,1.4532520325203253,0.8333333333333334,La Palma,Canary,Atlantic
44.48055245252361,3.8691987407332187,15.375241190210218,11.68883924037778,0.21326292271757896,6.550218340611353,10.358484817710977,4.478521377069159,2.1021630953589927,0.8835178226871129,La Palma,Canary,Atlantic
43.96578062939199,3.859863529891027,13.14797840920664,12.098991750687443,0.2036867298095529,8.51410530603931,11.925858030349321,3.676545473062429,1.6498625114573784,0.9573276301048985,La Palma,Canary,Atlantic
44.100580270793024,3.7259493026570287,13.997760358342662,12.430011198208286,0.20360378703043872,8.327394889544944,11.19820828667413,3.7361294920085504,1.455767077267637,0.824595337473277,La Palma,Canary,Atlantic
44.328845369237044,3.8351693186454505,15.248878008975927,11.821705426356587,0.21419828641370867,6.68094655242758,10.47531619747042,4.396164830681354,2.1011831905344756,0.8975928192574459,La Palma,Canary,Atlantic
44.97107479955343,3.440576474170303,14.127676849690449,12.189180960113669,0.20298386278290872,8.271592408403531,11.133664873642545,3.6537095300923568,1.3092459149497613,0.7002943266010351,La Palma,Canary,Atlantic
43.14568543145685,3.7396260373962606,13.998600139986001,14.058594140585942,0.18998100189981,7.669233076692331,11.03889611038896,3.8396160383961595,1.44985501449855,0.86991300869913,La Palma,Canary,Atlantic
43.3,3.62,14.05,14.069999999999999,0.19,7.690000000000001,11.07,3.73,1.42,0.86,La Palma,Canary,Atlantic
43.065693430656935,3.739626037396261,14.33856614338566,14.118588141185882,0.18998100189981004,7.349265073492652,10.78892110788921,4.00959904009599,1.4898510148985102,0.9099090090990901,La Palma,Canary,Atlantic
42.875712428757126,3.7596240375962404,13.908609139086092,14.268573142685732,0.18998100189981,7.679232076792319,11.088891110888909,3.8696130386961305,1.42985701429857,0.9299070092990701,La Palma,Canary,Atlantic
42.92999999999999,3.6699999999999995,13.309999999999999,13.649999999999999,0.18999999999999997,8.389999999999999,11.519999999999998,3.7399999999999998,1.6699999999999997,0.9299999999999999,La Palma,Canary,Atlantic
43.0943094309431,3.71037103710371,13.441344134413441,13.631363136313631,0.19001900190019003,8.12081208120812,11.53115311531153,3.6603660366036608,1.69016901690169,0.9300930093009302,La Palma,Canary,Atlantic
42.85571442855714,3.7196280371962804,13.318668133186684,13.838616138386161,0.18998100189981004,8.219178082191782,11.598840115988402,3.70962903709629,1.6298370162983702,0.9199080091990802,La Palma,Canary,Atlantic
43.21432143214321,3.6503650365036497,13.571357135713571,13.571357135713571,0.19001900190019,8.02080208020802,11.41114111411141,3.7703770377037698,1.7001700170016998,0.9000900090009001,La Palma,Canary,Atlantic
43.2943294329433,3.7003700370037014,13.611361136113615,13.411341134113414,0.19001900190019005,7.840784078407842,11.741174117411743,3.660366036603661,1.6701670167016704,0.8800880088008802,La Palma,Canary,Atlantic
42.90570942905709,3.70962903709629,13.198680131986801,13.548645135486451,0.18998100189981,8.14918508149185,12.248775122487752,3.6396360363963605,1.53984601539846,0.86991300869913,La Palma,Canary,Atlantic
42.92999999999999,3.6899999999999995,13.179999999999998,13.56,0.18999999999999997,8.059999999999999,12.249999999999998,3.649999999999999,1.5899999999999999,0.8999999999999999,La Palma,Canary,Atlantic
42.92,3.63,12.97,13.69,0.19,8.48,12.29,3.4300000000000006,1.54,0.86,La Palma,Canary,Atlantic
42.870000000000005,3.710000000000001,13.47,13.580000000000004,0.19000000000000003,7.910000000000002,12.000000000000002,3.740000000000001,1.6000000000000003,0.93,La Palma,Canary,Atlantic
43.11999999999999,3.6999999999999997,13.409999999999997,13.469999999999999,0.18999999999999997,7.789999999999998,12.199999999999998,3.6399999999999997,1.5799999999999998,0.8999999999999999,La Palma,Canary,Atlantic
43.89,3.65,14.39,13.28,0.21,6.98,10.57,4.18,1.94,0.91,La Palma,Canary,Atlantic
43.46565343465654,3.659634036596341,14.628537146285373,13.438656134386562,0.19998000199980007,6.899310068993102,10.438956104389561,4.409559044095591,1.9798020197980204,0.8799120087991201,La Palma,Canary,Atlantic
43.67,3.64,14.800000000000002,13.209999999999999,0.2,6.64,10.37,4.44,2.01,1.02,La Palma,Canary,Atlantic
43.99,3.2799999999999994,14.540000000000001,13.04,0.2,7.39,11.06,3.92,1.69,0.89,La Palma,Canary,Atlantic
41.20587941205879,3.66963303669633,11.678832116788321,13.76862313768623,0.18998100189981,9.839016098390161,12.52874712528747,4.23957604239576,1.7298270172982702,1.14988501149885,La Palma,Canary,Atlantic
41.48585141485852,3.569643035696431,11.828817118288173,13.788621137886212,0.19998000199980007,9.969003099690033,12.048795120487952,4.209579042095791,1.7798220177982205,1.1198880111988803,La Palma,Canary,Atlantic
43.538707741548315,3.7207441488297666,13.672734546909382,13.392678535707143,0.19003800760152031,8.131626325265055,10.942188437687538,3.7407481496299266,1.770354070814163,0.9001800360072016,La Palma,Canary,Atlantic
43.5943594359436,3.7903790379037905,14.351435143514351,13.311331133113313,0.19001900190019003,7.270727072707271,10.421042104210422,4.180418041804181,1.9201920192019204,0.97009700970097,La Palma,Canary,Atlantic
43.00569943005699,3.3996600339966,13.77862213778622,13.558644135586443,0.1999800019998,8.5991400859914,11.25887411258874,3.64963503649635,1.51984801519848,1.0298970102989702,La Palma,Canary,Atlantic
42.93570642935706,3.7396260373962606,13.338666133386662,13.62863713628637,0.18998100189981,7.75922407759224,12.11878812118788,3.76962303769623,1.6198380161983803,0.8999100089991,La Palma,Canary,Atlantic
44.595540445955415,2.9797020297970205,13.178682131786823,12.428757124287571,0.18998100189981004,9.469053094690533,11.188881111888811,3.6696330366963306,1.6098390160983904,0.6899310068993101,La Palma,Canary,Atlantic
43.77599675357614,3.7942578877954753,13.96976767779243,12.742213655270366,0.20290149132596125,8.389976666328497,11.220452470325656,3.5812113219032153,1.4406005884143247,0.8826214872679313,La Palma,Canary,Atlantic
43.695939757810116,3.7854889589905363,13.676605271191614,12.22143075200977,0.20352091177368475,8.252772972422916,11.559987788745293,3.8872494148773784,1.790984023608426,0.9260201485702656,La Palma,Canary,Atlantic
43.53548648375013,3.766325807431406,14.083223650906143,12.655664675508756,0.20249063480814014,8.271742431912523,11.349600080996254,3.766325807431406,1.4579325706186088,0.9112078566366305,La Palma,Canary,Atlantic
43.62047947988621,3.7891101178382764,13.48029256399837,12.26127590410402,0.20316944331572528,8.705810646078827,11.611133685493698,3.6976838683462,1.7269402681836645,0.9041040227549775,La Palma,Canary,Atlantic
43.60725938009789,3.8132137030995104,13.55016313213703,12.132952691680261,0.2039151712887439,8.53384991843393,11.674143556280587,3.8438009787928227,1.7434747145187601,0.8972267536704732,La Palma,Canary,Atlantic
43.383175668802764,3.844980164784864,13.29468009358153,12.348692910182077,0.20343810395687112,8.758010375343302,11.890957176279118,3.6720577764215236,1.7088800732377174,0.8951276574102329,La Palma,Canary,Atlantic
43.540718259989895,3.844208396560446,14.021244309559941,12.706120384420844,0.2023267577137077,8.204350025290847,11.289833080424888,3.8239757207890754,1.476985331310066,0.8902377339403137,La Palma,Canary,Atlantic
43.808658795034816,3.7945302250479367,14.027651629831468,12.614794631143406,0.2018367140982945,8.144111413866185,11.171662125340601,3.86517307498234,1.4834998486224646,0.8880815420324958,La Palma,Canary,Atlantic
44.43541835905768,3.1376929325751424,12.71324126726239,11.80950446791227,0.18277822908204713,12.08367181153534,11.017465475223396,2.6604386677497973,1.2185215272136476,0.7412672623883023,Lanzarote,Canary,Atlantic
44.36052366565962,2.688821752265861,11.409869083585097,11.168177240684795,0.18126888217522658,14.511581067472306,10.543806646525681,2.9305135951661634,1.2386706948640482,0.9667673716012084,Lanzarote,Canary,Atlantic
43.0886177235447,2.970594118823765,11.562312462492498,11.89237847569514,0.20004000800160032,14.1128225645129,9.981996399279856,3.6907381476295256,1.5103020604120823,0.9901980396079215,Lanzarote,Canary,Atlantic
48.335166483351664,2.5997400259974,12.70872912708729,11.208879112088791,0.15998400159983997,11.05889411058894,9.509049095090488,3.0996900309969,0.9199080091990799,0.39996000399959997,Lanzarote,Canary,Atlantic
42.368169539165876,3.1139299448403635,11.037718048308673,12.057942197989965,0.19928170879035087,14.876421338565663,10.536476338626173,3.185200601953163,1.5121218293348644,1.1127384524249004,Lanzarote,Canary,Atlantic
45.20640296416722,2.711961922717715,12.834218523709845,11.64468412976389,0.1816090889007071,11.859886941879251,10.616803427742845,3.1995977628863823,1.0684436584852253,0.676391579746924,Lanzarote,Canary,Atlantic
46.859341567543275,2.4188617009863322,11.871716163859846,11.128689791291825,0.17135284854926203,13.464920623644062,9.696191394620064,3.0131810822590595,0.8053876245918313,0.5703572026544411,Lanzarote,Canary,Atlantic
48.110361850174584,2.4716984089732255,13.046714089162483,11.184852441512279,0.1648096561233975,11.452742065774263,9.241940975161492,3.0663183695344167,0.8313552267403795,0.4292069168434604,Lanzarote,Canary,Atlantic
44.322495230683465,2.65227411904674,11.701375293612367,11.051557247744132,0.18057426157234566,13.566869371009957,11.06546338099223,3.3154186452785996,1.1914254948919745,0.9525469551681813,Lanzarote,Canary,Atlantic
46.48666773461635,2.4402979591707497,15.932523865660267,11.574492545585523,0.16134201382947108,7.522571394799088,10.739327795524167,3.7713695732638866,0.8067100691473552,0.5646970484031488,Lanzarote,Canary,Atlantic
41.831187514663654,2.738225076442959,13.12529289409374,11.184507668141672,0.1616664251774441,12.660501921708589,13.08487628779938,2.970620562635535,1.3337480077139137,0.909373641623123,Lanzarote,Canary,Atlantic
43.767972159203204,2.2656362058881663,13.902767627041019,12.13450859710076,0.17507188863681283,10.751473631578387,11.317882683050428,3.3778576160514473,1.2358015668480904,1.0710280246016783,Lanzarote,Canary,Atlantic
44.44899631298647,2.929127406800491,12.187628021302743,11.337566571077426,0.18435067595247845,13.31421548545678,10.44653830397378,2.7242933224088484,1.4748054076198276,0.9524784924211388,Lanzarote,Canary,Atlantic
43.92029280195201,2.8060187067913778,11.59007726718178,11.254575030500202,0.18300122000813335,14.538430256201707,10.370069133794223,3.2126880845872305,1.2098413989426593,0.9150061000406668,Lanzarote,Canary,Atlantic
42.343623070674255,3.1173842404549146,11.068237205523966,12.063363119415111,0.2030869212022746,14.825345247766045,10.56051990251828,3.188464662875711,1.5129975629569459,1.1169780666125104,Lanzarote,Canary,Atlantic
45.25709667643196,2.717446206687544,12.82957874532781,11.637539145368219,0.18183654914637842,11.819375694514598,10.607132033538742,3.202343671077887,1.0708152338620065,0.6768360440448531,Lanzarote,Canary,Atlantic
46.813651464814264,2.4161884627000907,11.879593274942115,11.14466928420417,0.17114668277458978,13.490385583408843,9.694956206584116,3.010168126447197,0.8053961542333636,0.5738447598912715,Lanzarote,Canary,Atlantic
48.119074319502495,2.4773167499235393,13.049240493424405,11.193801610765622,0.16311550616780504,11.418085431746352,9.246610255887449,3.0686104597818322,0.8359669691100009,0.42817820369048826,Lanzarote,Canary,Atlantic
48.2885473180154,2.6539960976127612,13.452316097823461,11.131649754363547,0.14181658536862085,9.653657561163975,9.876512195314666,3.3833385366513826,0.8914185366027595,0.5267473170834488,Lanzarote,Canary,Atlantic
45.1859211402531,2.6015827253927615,13.671062164809019,11.607401047831821,0.15303427796428007,11.161300006194827,10.549162894337707,3.2443266928427383,1.1528582273309098,0.6733508230428324,Lanzarote,Canary,Atlantic
44.19449337627797,2.7006053843533055,12.233945444156893,11.215059826429858,0.1725950809549105,13.310126537169861,10.741505626487958,3.3402224490685617,1.1980129148634964,0.8934333602371838,Lanzarote,Canary,Atlantic
48.374255164964566,2.3784008789440914,13.242452351409051,10.87043485855277,0.14109157756448001,10.481088619075656,9.8764104295136,3.1443265857226974,0.9775630731253256,0.5139764611277486,Lanzarote,Canary,Atlantic
48.12796416154169,2.2352318083393845,13.28049889729571,10.943129077649317,0.14096056448987107,10.572042336740331,9.967925631783741,3.2118871480192053,0.9363808926827151,0.5839794814580372,Lanzarote,Canary,Atlantic
47.3821771445633,2.1822068791525955,13.194269371172638,10.953835959023245,0.14143933475989046,10.840314728383033,10.30486581822059,3.344029986108838,0.9799725336935267,0.6768882449223329,Lanzarote,Canary,Atlantic
46.43491199330534,2.7881005473302127,13.73991996346184,10.921190426665635,0.18052449587030156,10.681032672326177,10.229721432650422,3.09900384577351,1.223554916454266,0.7020397061622838,Lanzarote,Canary,Atlantic
46.58037752990941,2.4505329048343647,12.688089792386192,11.446651848030912,0.15189253542361764,11.35143548065836,10.379323253947206,3.0581030465288355,1.1948879453324588,0.6987056629486411,Lanzarote,Canary,Atlantic
45.1441483089763,2.5767671169617934,12.579493011939464,11.52761406683546,0.15217128643475156,12.41717697307573,10.499818763997858,3.0637152335529985,1.3188178157678472,0.7202774224578241,Lanzarote,Canary,Atlantic
44.841512381328656,2.73300414062274,12.419985483496673,11.855555346137706,0.16195580092579198,11.863262417814264,10.952261037606684,3.1581381180529435,1.356379832753508,0.6579454412610299,Lanzarote,Canary,Atlantic
43.329727774773644,2.747246143295672,12.473709510919686,11.9871217180938,0.1616027143115101,12.524210359142035,10.726380162426482,3.535059375564284,1.6160271431151012,0.898915098357775,Lanzarote,Canary,Atlantic
47.83744385625943,2.0414705339932366,13.711369258163531,10.429210749819125,0.14219197749206625,9.333887665372062,12.106631226467353,2.986031527333391,0.8125255856689501,0.5992376194308505,Lanzarote,Canary,Atlantic
44.666234258576665,2.568182578565287,12.720057242070423,11.201310607019058,0.20142608459335587,12.085565075601352,11.148933782242247,3.19260344080469,1.258913028708474,0.9567739018184402,Lanzarote,Canary,Atlantic
44.82120971210659,2.4889430223878604,12.09059720224997,10.883698613039536,0.15176481843828415,13.42612760450687,10.603301981554788,3.318590696517147,1.3557657113820054,0.8600006378169436,Lanzarote,Canary,Atlantic
44.503143641380724,2.508359005241459,12.349622360483153,11.21622843544546,0.15171526241379793,12.764310744414198,10.802126683862411,3.3781931764139004,1.395780414206941,0.9305202761379607,Lanzarote,Canary,Atlantic
44.285871132407564,2.2974240314423033,11.718877844593855,10.97481878161074,0.15114631785804628,14.651116411039952,10.630624356015922,3.113614147875753,1.3099347547697344,0.8665722223861319,Lanzarote,Canary,Atlantic
47.97959591918384,2.4804960992198444,13.222644528905784,11.122224444888978,0.1700340068013603,10.122024404880976,10.082016403280656,3.3806761352270454,0.8301660332066413,0.610122024404881,Lanzarote,Canary,Atlantic
46.620000000000005,2.6800000000000006,12.900000000000004,11.240000000000002,0.18000000000000002,11.170000000000002,10.230000000000002,3.350000000000001,0.9900000000000001,0.6400000000000001,Lanzarote,Canary,Atlantic
46.083825147544275,2.7208162448734625,12.423727118135442,11.383415024507356,0.18005401620486147,11.753526057817346,10.443132939881966,3.2409722916875072,1.0503150945283586,0.7202160648194459,Lanzarote,Canary,Atlantic
44.54,3.08,12.41,11.97,0.19,12.3,10.24,3.29,1.26,0.72,Lanzarote,Canary,Atlantic
45.71999999999999,3.0299999999999994,12.98,11.589999999999998,0.17999999999999997,10.379999999999999,10.759999999999998,3.49,1.1399999999999997,0.7299999999999999,Lanzarote,Canary,Atlantic
46.21958122441485,2.3845448052113043,13.32300991166997,11.234051251112824,0.1724989859089029,11.009494100656447,10.867436112260881,3.04409975133358,1.1364639071645366,0.608819950266716,Lanzarote,Canary,Atlantic
46.45184641657847,2.0848942342219736,12.368358065819246,10.349547928455133,0.16115124515725401,13.758287555300564,10.505046793688496,2.538132111226751,1.0071952822328376,0.7755403673192851,Lanzarote,Canary,Atlantic
44.20629018746749,2.62300782555649,13.236568447885455,11.17219444804644,0.16203909347067122,11.879491040068583,11.16044256279248,3.5243502829870987,1.2861853044234528,0.7494308073018543,Lanzarote,Canary,Atlantic
44.12892153397299,2.3820735320259896,12.738037277189825,11.419163910762359,0.1614965106458298,13.878606383626,10.557834383471123,2.765627744809836,1.2919720851666383,0.6762666383294124,Lanzarote,Canary,Atlantic
45.28055742821406,2.1835291026494335,13.463419075322314,10.8677382890844,0.14087284533222152,10.645962168677883,12.467246811901605,3.280324827021729,1.0766710321819788,0.5936784196143621,Lanzarote,Canary,Atlantic
46.12796593716772,2.3873245528885048,13.322484898958308,11.436328557038728,0.19219985807153217,11.410602100246752,11.056549730114982,2.6301033209788613,0.9913466363689555,0.4450944081656535,Lanzarote,Canary,Atlantic
46.236631593601665,2.276420592682795,13.44605763411304,11.249949159940096,0.1416439479891517,10.74470519746279,10.431065026915386,3.7636820465688876,1.1129167342004775,0.5969280665257106,Lanzarote,Canary,Atlantic
46.64279424637303,2.383059793373644,14.125230484654889,11.633291337166218,0.15276024316497716,8.269421163330763,11.589410448116269,3.3403573172075007,1.1406098156318296,0.723065150980892,Lanzarote,Canary,Atlantic
46.92135436700219,2.247789908451448,13.789132711935338,11.156859851609578,0.14111685523910433,10.039456272724852,10.815598976539926,3.225528119750957,0.9878179866737304,0.6753449500728566,Lanzarote,Canary,Atlantic
47.44692771209966,2.9042965315801705,12.968490762542013,12.185367371527333,0.1411810813962583,10.497821838107493,9.257445194411794,3.146321242545185,0.9781832068169324,0.47396505897315283,Lanzarote,Canary,Atlantic
43.3788829890899,2.35688544577725,13.044141863698227,11.291708135659727,0.1625438238467069,12.810485116918585,11.672678349991639,3.108650631068269,1.3613045247161701,0.8127191192335345,Lanzarote,Canary,Atlantic
44.036334812580854,2.4334529526489765,12.859627946425345,11.051694584345363,0.16290898427775577,11.637810564342175,12.075628459588645,3.44145229286759,1.4254536124303627,0.8756357904929372,Lanzarote,Canary,Atlantic
44.581515328322524,2.284425277546098,14.0889664694473,10.696079678660462,0.15095321217264965,10.536534209650945,11.794477644423026,3.7033854719690047,1.268006982250257,0.8956557255577212,Lanzarote,Canary,Atlantic
44.21288021335722,3.1494106453350352,12.587548316451247,12.371686499508195,0.2119795626667812,11.194539761783826,10.770580636450264,3.321013148446239,1.443479879111891,0.736881336889287,Lanzarote,Canary,Atlantic
46.42126682974306,2.77201852985917,14.05092001185862,11.496277952467398,0.19082736256276894,10.595940394932697,10.2243292152052,2.7921056206552506,0.85370135883344,0.6026127238824283,Lanzarote,Canary,Atlantic
42.815170851742316,2.4217650338575014,11.638777947526135,11.263259265744548,0.17371310369441992,13.815300952638573,12.405159287354458,2.9837780163982712,1.25686539731845,1.226210143725317,Lanzarote,Canary,Atlantic
42.6618916337798,3.0072301151648846,10.89738641732631,12.566058651629783,0.2140740081981782,14.30218254771638,10.306134394683722,3.680034140930587,1.4577420558256897,0.90726603474466,Lanzarote,Canary,Atlantic
42.018101855841714,3.053819264680766,11.827166249164973,12.6648544070728,0.18384196242225348,14.125190779443141,10.42792464628449,3.339795650670938,1.4809491417348197,0.8783560426841,Lanzarote,Canary,Atlantic
42.63082504208047,2.888679300283626,12.527746018072147,11.545599110262453,0.17230718633270756,14.656246555123243,9.699881018847124,3.537365178242055,1.4798146590926649,0.8615359316635377,Lanzarote,Canary,Atlantic
44.289621310218116,3.090209978954856,12.584473532717475,11.817198791337553,0.1931381236846785,11.517131270249513,10.968212392408846,3.48665139072867,1.3113062081749225,0.7420570015253437,Lanzarote,Canary,Atlantic
45.47475491738459,2.732955556920566,13.268550027279774,11.702168233469749,0.19303403561892474,10.748947878148545,10.891183483341438,3.291738291606927,1.0566073528614828,0.6400602233680136,Lanzarote,Canary,Atlantic
48.091993191240896,2.4336198121335118,13.634380453752184,10.831762783041187,0.1731026644613795,10.141779635501997,9.927946932343822,3.3805932118339985,0.8146007739359035,0.5702205417551325,Lanzarote,Canary,Atlantic
48.184410984628926,2.692266855525262,13.655832643614826,12.117448841504263,0.18426160988385823,7.810644907854658,10.359597177914697,3.6954689537818233,0.8189404883727034,0.48112753691896315,Lanzarote,Canary,Atlantic
46.58752025832709,2.693627978142434,12.417216853785385,11.997949577733005,0.18365645305516595,11.172434227522594,10.243948825965923,3.285409882431302,0.8672665838716169,0.5509693591654979,Lanzarote,Canary,Atlantic
48.84882465271287,2.688269697355824,12.971156828686468,11.000896369288366,0.15332336676934358,10.17044999569979,9.792252357668744,3.2300122599408385,0.766616833846718,0.3781976380310475,Lanzarote,Canary,Atlantic
47.5231135788822,2.546062221622077,13.450511975581172,11.455867997852136,0.1724424612253997,10.752294641113155,9.748070896329946,3.2459757407134053,0.7303445416605162,0.3753159450199875,Lanzarote,Canary,Atlantic
47.90383995959338,2.637002029656681,13.724628324236319,10.942638017733602,0.1730850753056509,10.25274534310532,9.886212242458061,3.2886164308073664,0.7636106263484598,0.4276219507551375,Lanzarote,Canary,Atlantic
48.09267342356199,2.671815190197888,13.308280985396323,11.637077854215848,0.16254388989797036,9.935495270013437,9.691679435166483,3.352467729145639,0.7924014632526056,0.3555647591518102,Lanzarote,Canary,Atlantic
49.47843745457698,2.6067871887443044,13.933176485575178,11.106536098556601,0.1515573946944363,8.93178246065878,9.295520207925428,3.5060277305979604,0.697164015594407,0.2930109630759102,Lanzarote,Canary,Atlantic
49.59727680237142,2.422593328380701,13.785468312124488,10.658001688922592,0.15204560638372597,9.4876458383445,9.335600231960777,3.5071853205846124,0.7399552844007997,0.314227586526367,Lanzarote,Canary,Atlantic
48.62153659031792,2.652454786714784,13.313282679472282,11.652852104038336,0.1530262376950837,9.283591753501746,9.977310697719458,3.3257702325731526,0.703920693397385,0.31625422456983965,Lanzarote,Canary,Atlantic
48.91658698740811,2.4645152229873175,14.080058282148855,10.802729777864759,0.15150708338036786,9.38333869735745,9.48434341961103,3.6361700011288294,0.6666311668736188,0.41411936123967213,Lanzarote,Canary,Atlantic
42.490726608609506,2.956143473733305,11.609767621755367,12.420413764344097,0.2250351433291789,14.432935783521428,10.423218684201514,3.1198053961545256,1.2888376390671157,1.033115885283958,Lanzarote,Canary,Atlantic
44.74456946824025,3.0175152434303714,13.03525945225982,11.66909923776549,0.1828797117230528,11.440141966675414,10.728943087752432,3.291834811014951,1.2699979980767555,0.6197590230614568,Lanzarote,Canary,Atlantic
44.31380919432337,2.670607657678058,12.693002175275941,11.636396056599011,0.18277923132397356,12.296980507407332,10.987062682918856,3.37126137775329,1.0662121827231792,0.781888933996998,Lanzarote,Canary,Atlantic
44.697045226784965,2.719445112151144,11.797893456475261,11.904291235314284,0.20446955730459726,12.922476021650548,10.990238705122103,3.0977137931646483,0.8996660521402281,0.7667608398922398,Lanzarote,Canary,Atlantic
43.53145303900863,3.1999400660426733,12.605514701056281,11.71027983915486,0.21469246449487586,14.036797797688788,10.417696253346593,2.4331812642752597,1.1348030266157725,0.7156415483162527,Lanzarote,Canary,Atlantic
44.063793636830326,2.7145899633211115,12.342742380044305,11.15055547017532,0.16267205772710777,13.664452849077055,10.44151270535873,3.304276172581877,1.2708754509930298,0.8845293138911485,Lanzarote,Canary,Atlantic
44.84340139748679,2.569471839965137,12.306954408086984,11.098313600571322,0.1529447523788772,12.510880744592153,10.879470052550797,3.497336671063658,1.213361702205759,0.9278648310985217,Lanzarote,Canary,Atlantic
44.26748001973493,2.627240450300492,11.797222562546224,11.130295038291065,0.16230056835833154,14.728776578518588,10.519105586724363,2.769253447614032,1.2172542626874865,0.7810714852244706,Lanzarote,Canary,Atlantic
44.36630783790345,2.766513903375939,12.485042449552672,11.28780140097081,0.1633366142214577,12.525876603108035,10.963970229615347,3.2258981308737895,1.3066929137716616,0.9085599166068584,Lanzarote,Canary,Atlantic
46.122696902206926,2.5207531889046364,12.573395424174933,11.186474994938246,0.17209961530674225,11.793885401903218,10.609435108321522,3.259769184045353,0.9921036647094552,0.7693865154889653,Lanzarote,Canary,Atlantic
46.12658227848101,2.7949367088607593,12.820253164556963,11.39240506329114,0.17215189873417724,11.311392405063291,10.50126582278481,3.139240506329114,1.1240506329113924,0.6177215189873418,Lanzarote,Canary,Atlantic
48.22874493927126,2.3886639676113366,13.360323886639677,10.91093117408907,0.1619433198380567,10.030364372469638,10.242914979757085,3.26923076923077,0.8299595141700407,0.576923076923077,Lanzarote,Canary,Atlantic
46.47773279352228,2.692307692307693,12.914979757085021,11.487854251012147,0.17206477732793526,11.1336032388664,10.253036437246967,3.188259109311741,1.0425101214574901,0.6376518218623484,Lanzarote,Canary,Atlantic
46.95908214031881,2.680475175144685,12.965783328256675,11.148339932988122,0.17260635597522594,10.924967001726065,10.539141029546148,3.0053812569804044,1.0356381358513556,0.5685856432125089,Lanzarote,Canary,Atlantic
46.80590932246561,2.6795720835455934,12.91900152827305,11.18695873662761,0.17320427916454406,10.983188996434027,10.585838003056546,3.0259806418746815,1.0596026490066226,0.5807437595517064,Lanzarote,Canary,Atlantic
43.2353238355057,3.0211175103566736,11.700515307668988,11.882388602606849,0.19197736687885217,14.71152874608467,9.992927149641305,2.9807012225927045,1.4954026472668482,0.7881176113973931,Lanzarote,Canary,Atlantic
48.627648839555995,2.7245206861755804,12.976791120080724,11.009081735620585,0.16145307769929362,10.554994954591322,9.566094853683147,3.0272452068617555,0.8980827447023209,0.45408678102926336,Lanzarote,Canary,Atlantic
48.53742182771839,2.5317732499495667,13.112769820455924,10.974379665120036,0.16138793625176523,10.732297760742387,9.572321968932824,3.0461972967520685,0.867460157353238,0.463990316723825,Lanzarote,Canary,Atlantic
47.84190842009502,2.436065905185485,13.039522894976246,11.007783281107855,0.16173051652683718,11.048215910239565,9.905994137268777,3.1436369149903975,0.8693015263317498,0.5458404932780755,Lanzarote,Canary,Atlantic
44.435467582306615,2.7065239345586756,11.86628963845688,11.20985659462735,0.1817814582912543,13.593213492223796,10.694809129468796,3.1609775802868114,1.2320743284185014,0.9190062613613414,Lanzarote,Canary,Atlantic
44.63727171829281,2.774694783573807,12.370093835132682,11.18958732721219,0.1816163858339219,12.481081626475632,10.846534153970335,3.2993643426495813,1.2612249016244577,0.9585309252345878,Lanzarote,Canary,Atlantic
44.52650748684743,2.782274382840955,12.322946175637393,11.3112100364225,0.18211250505868068,12.54552812626467,10.967219749089436,3.1566167543504657,1.2444354512343179,0.961149332254148,Lanzarote,Canary,Atlantic
44.43769612308938,2.793805040996052,12.369673043830348,11.256200020244963,0.18220467658669906,12.49114282822148,10.90191314910416,3.360664034821338,1.265310254074299,0.9413908290312787,Lanzarote,Canary,Atlantic
44.43207126948775,2.7839643652561246,12.360801781737194,11.257339542417492,0.1822231220894918,12.634136464871432,10.822028750759262,3.3407572383073494,1.2553148410609436,0.9313626240129581,Lanzarote,Canary,Atlantic
44.375822618203905,2.8146198238331475,12.392426850258174,11.25847929533259,0.1822415713273261,12.50379669940265,10.944618811379973,3.330970942593905,1.2554419358104685,0.9415814518578515,Lanzarote,Canary,Atlantic
44.40962393853619,2.6081682167408005,11.51435503437121,11.059441973311767,0.18196522442377677,14.526890416498178,10.594419733117672,3.0428629195309336,1.1726647796198946,0.8896077638495753,Lanzarote,Canary,Atlantic
44.42424242424242,2.616161616161616,11.656565656565656,11.080808080808081,0.18181818181818182,14.272727272727273,10.666666666666668,3.01010101010101,1.1919191919191918,0.898989898989899,Lanzarote,Canary,Atlantic
46.691027650946594,2.6803922560315505,14.71706010240544,10.934681290217554,0.17066167922298262,10.22966183107172,9.396431279571276,3.403194662152418,1.0340089976451299,0.742880250735336,Lanzarote,Canary,Atlantic
46.30410478511792,2.849794314579497,12.915025297987931,11.474474483275193,0.1819017647603934,11.096007650384,9.863117911452443,3.435922223251876,1.1419388565513584,0.7377127126393733,Lanzarote,Canary,Atlantic
48.35702588726916,2.4829531138109404,13.525029156531138,11.199099612566457,0.17158619079181298,9.477613714912492,9.770319569792644,3.462003731858344,0.82765103793698,0.7267179845300312,Lanzarote,Canary,Atlantic
48.38404603490888,2.4257176590942504,13.421636138542157,10.910005975083868,0.17040165373802588,9.773036023210308,9.853225036734084,3.6385764886413754,0.7818428818568247,0.641512108190215,Lanzarote,Canary,Atlantic
45.747168368997244,2.7365801179606883,12.94845077873311,11.262365292598265,0.18109721368857495,10.574065088149572,10.865832821314498,3.6320052300875307,1.1167661510795457,0.9356689373909707,Lanzarote,Canary,Atlantic
45.45396789691265,2.795779771437088,14.42983107838497,10.845689510839552,0.1703521724531559,10.76224901262879,9.680011681749917,3.8880378183426165,1.2024859231987473,0.7715951340525296,Lanzarote,Canary,Atlantic
45.11478462722219,3.0879733642959533,12.473387491188902,11.916825346312164,0.1923655538413873,11.035708088795374,10.337117393266128,3.735941545656416,1.265562854219653,0.8403337352018496,Lanzarote,Canary,Atlantic
44.977441502291256,3.020647515264691,12.676650739060822,11.81723020437278,0.1913076759667638,11.720112359227002,10.199719776543775,3.433469342350866,1.1981901810549942,0.7652307038670552,Lanzarote,Canary,Atlantic
43.18113235950332,3.3909234271996285,11.731582842162295,12.929184117100917,0.22268750865191586,11.96439251029839,10.891443604975521,3.3403126297787384,1.4272244872690971,0.9211165130601976,Lanzarote,Canary,Atlantic
44.09434488663087,3.010335573016266,12.43531238383565,12.174974926834201,0.202035944497736,12.05144408928995,10.647294275030685,3.3133894897628697,1.2829282475606234,0.7879401835411702,Lanzarote,Canary,Atlantic
44.838447795792526,3.0535143660217132,12.937258234986732,11.890039412031344,0.19084464787635708,11.61139015500362,10.255388709566345,3.324714655109168,1.2053346181664657,0.6930674054457177,Lanzarote,Canary,Atlantic
45.25793163476569,3.3918136683772944,12.180154755396671,10.881361465501639,0.1923715214900555,11.856160613939739,10.62093294963517,3.462687386820999,1.19472839662245,0.9618576074502776,Lanzarote,Canary,Atlantic
48.8536123482532,2.657394011911187,13.468844934895866,11.07329011851573,0.171770715598822,9.34634776052414,9.77072246965064,3.2030186379309744,0.8588535779941099,0.5961454247253234,Lanzarote,Canary,Atlantic
47.62022774716123,2.418576511904666,13.2661494631707,10.811131692911344,0.17496085405267797,9.818391456838516,10.94019928576451,3.54038434083066,0.7513024909320877,0.6586761564336112,Lanzarote,Canary,Atlantic
48.59666559233277,2.3251511499231294,15.00779378586747,9.862646980252723,0.16104943029770594,10.347425896627605,9.02883368606514,3.160595069592479,0.7750503833077097,0.7347880257332833,Lanzarote,Canary,Atlantic
48.868883043965546,2.459876525750864,13.982456041110176,10.299158431424976,0.15934422838871995,10.04864540276365,9.560653703323197,3.0972534393057436,0.8763932561379596,0.6473359278291748,Lanzarote,Canary,Atlantic
47.776054810234356,2.644171383647229,12.547246717839325,10.88237587585915,0.18096990458422102,10.89840980940531,10.073991355188303,3.347943234808089,0.9551189408611666,0.6937179675728472,Lanzarote,Canary,Atlantic
45.544255660062014,2.787605256164077,12.143129371275888,11.568738294564763,0.19051978369466716,11.340940808350975,10.81951824244978,3.5697391050158687,1.0829545599486343,0.9525989184733356,Lanzarote,Canary,Atlantic
47.41468312888323,2.552322304597331,13.064258436575274,11.50604246668856,0.18158814815316981,10.068053992047972,10.481671440619081,3.2887631276629645,0.7969702057833564,0.6456467489890483,Lanzarote,Canary,Atlantic
46.19327128991891,2.444880420399683,13.88093332561616,11.235872083856407,0.1596656601077344,10.438142529543137,10.637724604677805,3.3729370697758894,0.8681820268358058,0.7683909892684718,Lanzarote,Canary,Atlantic
46.600358734009156,2.5030366022333186,13.562270036005234,12.194273774245524,0.15955611807064982,9.782784489206717,10.171702527003925,3.440428795898387,0.8376696198709115,0.747919303456171,Lanzarote,Canary,Atlantic
46.84057938501735,2.6539990457621543,13.860885582395554,10.835647153130337,0.16024145181960178,9.944985103554036,10.26546800719324,3.675538301112116,1.1016599812597623,0.6609959887558574,Lanzarote,Canary,Atlantic
44.303158744575626,2.6541527903925717,11.706529417701077,11.080835603996366,0.181653042688465,13.523059844585728,11.101019275406195,3.3101221112120287,1.1908366131799373,0.9486325562619838,Lanzarote,Canary,Atlantic
44.724472447244715,2.65026502650265,11.92119211921192,10.961096109610962,0.18001800180018,12.941294129412938,11.181118111811179,3.3703370337033705,1.16011601160116,0.91009100910091,Lanzarote,Canary,Atlantic
47.499499899979995,2.490498099619924,13.282656531306259,11.232246449289857,0.17003400680136027,11.032206441288254,9.671934386877373,3.2506501300260044,0.8301660332066412,0.5401080216043208,Lanzarote,Canary,Atlantic
43.008601720344075,2.980596119223845,11.53230646129226,11.7623524704941,0.20004000800160038,14.312862572514504,10.052010402080418,3.6307261452290462,1.5203040608121625,1.0002000400080016,Lanzarote,Canary,Atlantic
48.34,2.6,13.13,10.88,0.17,10.24,10.03,3.2400000000000007,0.83,0.54,Lanzarote,Canary,Atlantic
43.4,4.66,13.84,13.320000000000002,0.19,7.519999999999999,11.01,3.6900000000000004,1.51,0.86,El Hierro,Canary,Atlantic
43.28,4.68,13.79,13.43,0.19,7.719999999999999,10.96,3.62,1.49,0.84,El Hierro,Canary,Atlantic
43.16431643164316,4.6804680468046795,13.28132813281328,13.31133113311331,0.18001800180018,8.48084808480848,11.28112811281128,3.4103410341034106,1.42014201420142,0.79007900790079,El Hierro,Canary,Atlantic
41.72094374891335,3.520840618810736,12.45522808504145,14.411010275095082,0.20351679877518708,11.895556888409683,11.692040089634496,2.3302673459758916,1.007408153937176,0.7631879954069515,El Hierro,Canary,Atlantic
42.306641480521535,4.230664148052153,13.02921929653743,14.211532553386895,0.20437991053392046,9.73870273694131,10.975201195671529,2.8715377430015825,1.3795643961039632,1.0525565392496903,El Hierro,Canary,Atlantic
45.24564534730364,3.455490495729125,14.652901046405617,12.528463462950706,0.21280146747891973,8.582992521649762,9.37339797228575,3.546691124648662,1.4592100627125923,0.942406498835216,El Hierro,Canary,Atlantic
45.18635599594502,3.8428575076908604,14.786428100458796,12.300141655191556,0.1815523231979934,6.959505722589747,10.106412658021632,3.8025125469801955,1.8659544328682653,0.9682790570559648,El Hierro,Canary,Atlantic
46.851386608963104,3.26231997862845,15.97622120375054,11.368559085299951,0.20325981175255142,7.297027241916595,9.238158444153461,3.424927828030491,1.493959616381253,0.8841801811235986,El Hierro,Canary,Atlantic
49.18506198063649,2.37862184988324,16.005302955994004,10.287656416056281,0.382998433455776,6.773024928481091,7.135865549649721,4.858032761202211,1.6831773259766993,1.3102577986644968,El Hierro,Canary,Atlantic
41.123623175048515,4.324028025023483,13.10311522734389,13.761343165265924,0.19150706870733378,9.726543226451426,11.732327788175606,3.4471272367320074,1.4816599526304244,1.108725134621406,El Hierro,Canary,Atlantic
41.3195389744792,2.453033457365675,12.948799561831926,16.556648786331536,0.20106831617751436,11.048703973954414,10.928062984247905,2.6842620209698165,1.1863030654473348,0.6735788591946732,El Hierro,Canary,Atlantic
42.054440281683874,3.427032513339143,10.826996524443132,13.323372361740974,0.18196632814190136,13.414962080239063,11.807592848318933,2.9417889716274055,1.2131088542793425,0.8087392361862283,El Hierro,Canary,Atlantic
42.53503717349573,4.790255376919877,12.902294609293705,14.818524365173177,0.1924204062610521,9.084268653482305,9.236179500530502,3.8787902946306825,1.5089810806787773,1.05324853953418,El Hierro,Canary,Atlantic
42.47515148279647,3.02962573372553,12.017850917170374,14.184089681914061,0.19123883369031586,12.98411028739513,11.564916837377522,2.4156484255618844,0.6743685188026928,0.4629992815660278,El Hierro,Canary,Atlantic
42.92535444099974,4.494062929738471,14.509978965971742,13.736159772441614,0.1813747370746468,6.902316383118502,10.741414984531861,4.020473338488005,1.410692399469475,1.078172048165956,El Hierro,Canary,Atlantic
44.99290177372875,3.6217510559686943,15.643529771158901,11.891014226643948,0.19275425788068684,6.807268791470572,9.3130741439195,4.433347931255797,1.9275425788068683,1.1768154691662984,El Hierro,Canary,Atlantic
40.70714284240593,3.954408161833719,9.537102037363674,15.592095860193812,0.17193078964494432,14.330936995699181,12.68242413028001,1.749648624033845,0.7281774620256465,0.5461330965192349,El Hierro,Canary,Atlantic
41.21776148402802,4.13084385442471,10.730118792591016,13.423557948606016,0.20150457826462,13.601559032861852,10.740194021504248,3.2039227944074584,1.8639173489477352,0.8866201443643281,El Hierro,Canary,Atlantic
41.443218646132934,4.526565143388305,10.159623988493752,14.337269419789306,0.20118067303948028,13.821112237812294,11.85960067567736,2.3135777399540225,0.8248407594618691,0.5130107162506747,El Hierro,Canary,Atlantic
41.69837166351484,3.416252136287963,10.630572824096074,13.146813335078972,0.19090820761609206,14.06692056118573,11.675544065784155,3.0645791222583196,1.3062140521101036,0.8038240320677561,El Hierro,Canary,Atlantic
42.76505361658511,4.2765053616585105,10.529885843328975,13.138527890087035,0.18154975591946507,13.02115193844608,11.709959256805497,2.6122992657300803,1.0186958526592207,0.7463712187800231,El Hierro,Canary,Atlantic
43.16661382884428,3.123766668176318,12.363646068542517,13.232073420850018,0.181966990379203,13.142060416275772,10.018293748099454,3.1642037771494747,1.0513648333020618,0.5560102483808982,El Hierro,Canary,Atlantic
43.610181778920754,3.0416339254582145,12.71040401963002,13.081785507601367,0.201432710295246,11.773741916757126,11.43130630925521,2.7092699534710585,0.805730841180984,0.6345130374300249,El Hierro,Canary,Atlantic
43.673279009557,3.237672647128821,12.980949211385648,13.934390349064682,0.20172415246908545,11.16543183916388,10.035776585337,3.2175002318819126,0.9380173089812474,0.6152586650307106,El Hierro,Canary,Atlantic
45.11106721522539,3.390967355004527,15.569937194600364,12.527298560093431,0.2036617030032749,6.568089921855616,10.865351855224716,3.4316996956051824,1.4256319210229242,0.9062945783645733,El Hierro,Canary,Atlantic
41.406389756173965,3.556439912225833,12.544906203355676,13.600033256300367,0.2152312338811023,11.489248246700749,12.350173182225156,2.900497104207236,1.0351597439043492,0.9019213610255715,El Hierro,Canary,Atlantic
42.03579008005474,3.647817360312442,10.690833150167766,13.594220919579794,0.19199038738486537,12.317699064323731,12.327803821554513,3.263836585542711,1.1216280526168452,0.808380578462591,El Hierro,Canary,Atlantic
41.76484081491558,3.634344320913326,10.8729140871523,13.277717557874826,0.21083212911375648,13.623771390827027,11.465251973709996,2.9817686831802708,1.3252305258578982,0.8433285164550259,El Hierro,Canary,Atlantic
42.43897275717517,3.556110802461978,14.418042365282805,13.715913251438305,0.22416744313513898,9.445600899376084,9.425222040909254,4.065582264132749,1.569172101945973,1.141216074142526,El Hierro,Canary,Atlantic
42.95954800691823,3.94983521959343,14.272342726469041,13.378484836287372,0.1832397782285612,8.927849194802675,9.844048085945483,3.94983521959343,1.720417917812602,0.814399014349161,El Hierro,Canary,Atlantic
42.81723287839604,3.9593347108728576,12.45225878534059,13.640159945032751,0.2216421466646383,11.616063413833091,10.114941602331676,2.9317211217913526,1.4104500242295166,0.836195371507499,El Hierro,Canary,Atlantic
43.28277354481098,3.3154906859703868,13.967386294088014,12.78949423590355,0.2116270650619396,9.734844992849222,10.07747928866379,3.889907005424223,1.6023192068975427,1.1286776803303447,El Hierro,Canary,Atlantic
44.32240276202998,3.817920604472685,14.75382616568833,12.665066172687311,0.1929268390558006,7.229679442512108,9.747882394398347,4.102233840975971,1.929268390558006,1.2387933876214565,El Hierro,Canary,Atlantic
44.84208630521464,4.311347980365308,14.774501451582056,12.308809003135815,0.19319719723335105,7.178801118249781,9.700532955821942,3.8639439446670214,1.7997844163317442,1.0269956273983398,El Hierro,Canary,Atlantic
40.541470669044664,3.9934865122874417,9.796679570649445,15.358306124378561,0.17187157141490259,13.122899982149619,13.213890814075157,2.022018487234148,1.1929909074681473,0.5863853612979029,El Hierro,Canary,Atlantic
40.68735159730758,3.851398995919053,9.663877795534423,15.077157572923966,0.1920645168568557,14.344186811572538,12.645932136206655,2.1026010266434727,0.8491273376829409,0.5863022093525068,El Hierro,Canary,Atlantic
42.499181789562016,3.410053395972,10.837291356338316,13.058816681924545,0.23273361456188726,12.668803714412297,11.768225814585865,3.2177951926382677,1.4368770985994779,0.8702213414053176,El Hierro,Canary,Atlantic
42.54016650605144,3.4355478888497597,11.074589665233345,13.403984095757531,0.18188194705675198,12.63069076783,11.721281032546239,2.8292747319939195,1.31359183985432,0.868991524826704,El Hierro,Canary,Atlantic
42.90041046333092,4.639254042059212,14.039580613058842,12.940388042232357,0.34515237949674665,7.87759548498457,10.192146735727459,4.486980933457706,1.5633372483087933,1.0151540573433724,El Hierro,Canary,Atlantic
43.17586801038057,3.5288941301224406,13.276326627079552,13.880827202713974,0.19211744547944515,9.676652385464685,12.23484784369098,2.7806472372024955,0.7280240039221079,0.5257951139437447,El Hierro,Canary,Atlantic
44.79433844557258,3.98729873607451,15.74832347144794,12.249297085433271,0.22095862013511136,7.231373022603646,9.280262045674679,3.977255162432005,1.4462746045207289,1.0646188061055366,El Hierro,Canary,Atlantic
47.357027518330604,2.4940694663171983,14.924027008974974,13.85867766335216,0.18175405017696178,6.714802409315533,10.47105277963941,3.0393316168480835,0.5755544922270457,0.3837029948180305,El Hierro,Canary,Atlantic
42.78231388023539,4.278231388023539,10.493775102699248,13.143830688427771,0.1816230306236408,13.026407363062239,11.714685475224831,2.6133536073068315,1.0191070051659845,0.7466724592305234,El Hierro,Canary,Atlantic
43.90222369373744,4.8212259353168285,13.731974077721528,13.428423277897187,0.2004667748572486,7.527527395889686,10.424272292576928,3.5282152374875753,1.4132907627436027,1.022380551771968,El Hierro,Canary,Atlantic
42.13669106377727,4.25389506443384,11.665527836272467,13.624811564013608,0.19107330076653178,11.363833150851628,11.766092731412746,2.986777385666313,1.116270336057107,0.895027566748491,El Hierro,Canary,Atlantic
42.18508690655216,4.309774503674198,9.430800678628247,14.99096549576279,0.1926722719289642,13.9940913295774,11.357523397917888,2.078832407654613,0.9430800678628247,0.5171729404409038,El Hierro,Canary,Atlantic
45.874887576144715,3.908986005384517,14.684014787066191,12.584540936582517,0.19241122824431559,6.744519895300746,10.835790222179877,3.179848719406058,1.1443404627161926,0.850660166974869,El Hierro,Canary,Atlantic
43.58999651645817,4.328517136599343,12.294614402077947,13.541426489850195,0.19305592862767026,10.770488649754235,10.465663499289493,2.9364822828103527,1.1888180868124958,0.690937007720083,El Hierro,Canary,Atlantic
43.493135901126166,4.947470937004562,13.686651157697046,13.429396862536974,0.1926269422194399,7.583418567375845,10.84793832498951,3.507838000417169,1.439632936587393,0.871890370045886,El Hierro,Canary,Atlantic
44.10423292213147,3.583468924923181,14.497224710515436,12.924767918319613,0.21439557670480575,7.534473124197459,10.413499439947707,4.1653997759790835,1.4088852183458662,1.1536523889353831,El Hierro,Canary,Atlantic
43.603267967239326,4.960668981645525,13.61653016390455,13.48492057867722,0.1943772335665185,7.602984500440385,10.964090830861434,3.3206110734280236,1.3991111291090028,0.8534375411279953,El Hierro,Canary,Atlantic
41.897714025039285,4.1634142632672715,9.843377768766791,14.101069491611334,0.19362359977697804,14.46601449642658,11.252470981803436,2.392417253788839,1.0340108469765321,0.6558872725429571,El Hierro,Canary,Atlantic
43.66798963226957,3.7036287056536525,12.453426210918517,13.121658836870242,0.19034505102867325,11.157459906042442,11.9471893730763,2.490685242183703,0.7340434148712134,0.5335736270856958,El Hierro,Canary,Atlantic
41.881755121793844,4.146838199709632,11.735763832876273,14.004274883045657,0.1945878367478626,12.50201645426682,11.282061622842395,2.594168414260365,0.9023632844007099,0.7561703500564608,El Hierro,Canary,Atlantic
42.5984332078543,4.418557330348967,11.059110794587443,14.86417743412351,0.19737511445721842,13.378777088208363,10.204496896937632,1.8720113948519685,0.8363007427001727,0.57075999593041,El Hierro,Canary,Atlantic
43.610332013649106,4.290155020706554,10.824110731969096,13.669363412683142,0.18529581514970483,11.97841253126234,11.431637994755013,2.3713814157410313,1.058109982685473,0.5812010813985277,El Hierro,Canary,Atlantic
41.99679043995195,4.210781295733707,10.668254625097145,13.69614146287306,0.20084982690580241,12.313406473622058,12.192291000111021,2.80987898545605,1.1021508089504335,0.8094550812987615,El Hierro,Canary,Atlantic
40.392528642891726,4.757342262385025,9.046716152977249,15.955300952073587,0.20171050508310476,14.805551073099888,12.021946102953043,1.6439406164273036,0.6898499273842184,0.4851137647248669,El Hierro,Canary,Atlantic
40.72051741854889,4.606999657472144,9.197880357034919,15.534645685156454,0.19342749491245392,14.396244282807116,12.532489774536076,1.6723418830972576,0.6709516229775746,0.47450182345711345,El Hierro,Canary,Atlantic
42.14388969198266,4.1294744397157395,11.311828391779466,13.869373148812716,0.19611212761440722,11.888034127553755,11.564550205715557,2.956845223052273,1.10186710876136,0.8380255350120802,El Hierro,Canary,Atlantic
43.97560506912908,4.083015585650278,12.379517158374885,13.633651249582798,0.2002568952090055,10.346606252465284,10.720823682906353,2.8622576436438663,1.1317548774690764,0.6665115855693668,El Hierro,Canary,Atlantic
41.97325937996579,4.158864788817927,10.070748271778625,14.038319450207993,0.1953421524073643,14.048440805255009,11.20434003704416,2.545520794323944,1.0920942095727777,0.6730701106264108,El Hierro,Canary,Atlantic
41.710096541000624,4.313790028275374,11.169273242224735,13.876093449572624,0.17214655042413465,12.151521206409505,12.040132262017417,2.8454812158342255,1.032879302544808,0.6885862016965386,El Hierro,Canary,Atlantic
44.90662694143893,2.7372235495119095,12.211451185829885,12.752261916295662,0.18180820624064342,13.292199967371488,10.565076873761836,2.313004401617075,0.5757259864287042,0.46462097150386666,El Hierro,Canary,Atlantic
40.73278067751509,5.516323815372019,9.425852011053117,15.474362910653975,0.2149217070924163,14.532801146249103,10.950772694708832,1.883123528809743,0.7880462593388599,0.4810152492068365,El Hierro,Canary,Atlantic
43.31553203945231,3.512895757783506,11.618011767046355,13.551199208238335,0.21179197612144082,12.99262315052683,11.07834952019843,2.40302434445481,0.7687641440946522,0.5478080920833417,El Hierro,Canary,Atlantic
44.9612584766601,3.393302526540391,11.498389585415444,12.559091038981038,0.20850413114886704,12.070753867000606,11.39618167798954,2.1974700096571746,1.0537635255611848,0.6612851610456716,El Hierro,Canary,Atlantic
43.897769370297524,4.73228492519135,13.173384160061527,13.065797916024438,0.2117874838040666,9.444303105521058,10.660307797219073,2.8373442806286433,1.193711272350191,0.7833096889021226,El Hierro,Canary,Atlantic
41.37956879077537,5.226574884987192,9.345397867568625,15.983060485626755,0.21349400300911106,14.209435766313968,9.99997853717204,2.2255742766515834,0.7492431048998982,0.6676722829954741,El Hierro,Canary,Atlantic
42.083022286682656,5.491296444065441,10.637483684622175,14.807763059730755,0.221275901073247,11.61190967099977,10.891240451907946,2.598469297006939,1.0221322586273374,0.6354069452837278,El Hierro,Canary,Atlantic
43.034763381400516,3.8071181873676556,10.981284449047022,13.500637312818743,0.20468377351438974,13.795686334869913,11.032455392425623,2.4664394708484014,0.6918311544786387,0.485100543229104,El Hierro,Canary,Atlantic
41.423877004052365,5.212275914417179,9.03257950860989,15.662734005436164,0.21235198169847763,14.417581915317712,10.576957557326057,2.3572086006720934,0.5893021501680239,0.5151313623020483,El Hierro,Canary,Atlantic
42.91825994689897,5.6380827335902595,13.462567389003633,13.720126383165725,0.2237013077420916,8.077540433402211,10.263942355225392,3.633880971919043,1.140775447173465,0.9211230318791995,El Hierro,Canary,Atlantic
43.586554395564995,4.0780379749440225,10.477731232653223,13.23570442170462,0.20793956010853176,11.830347788699,12.557126833738552,2.4427851236050837,0.8236829177114657,0.7600897512705063,El Hierro,Canary,Atlantic
41.590236576548925,4.398869193740508,10.400110692393502,14.22205072206002,0.21330943422082801,13.482380985919262,11.216606134387055,2.7148473446287182,0.9246810880577506,0.836907828043439,El Hierro,Canary,Atlantic
42.627159723463556,5.497007035478762,11.470691802816404,14.020521875883368,0.2170404991868,11.044724467963743,10.243500195264865,3.2251812495982404,1.000009028963479,0.6541641213807754,El Hierro,Canary,Atlantic
42.78170599597907,4.271085860019674,10.728319932750843,14.05198785950929,0.18217901772595768,12.732289127736376,11.22425170322706,2.418932513139105,0.9716214278717742,0.6376265620408519,El Hierro,Canary,Atlantic
44.77739924149111,4.317126451886965,14.690506125378395,12.85951867968442,0.18414283444067625,7.109959440903888,10.506371720587472,3.202039287773981,1.4322220456497041,0.9207141722033814,El Hierro,Canary,Atlantic
41.92498129840925,4.167089050266131,11.403594913167318,13.59896581387223,0.1829453729385131,12.3284854096898,11.69834023623492,2.7645078577375313,1.0570177103114091,0.8740723373728958,El Hierro,Canary,Atlantic
41.934332438504256,4.129512049956747,9.963589270411608,14.345600182469642,0.17248576130040463,14.417780400463235,11.586984670886006,2.0698291356048557,0.8522825852490581,0.5276035051541789,El Hierro,Canary,Atlantic
44.17955572892206,3.124423775346481,13.33223174496381,12.882516231381514,0.18319097054148747,11.103408270042381,10.981280956348053,2.676623625133956,0.89560030042505,0.6411683968952061,El Hierro,Canary,Atlantic
44.986200551977916,3.8229581927834,14.371869569661659,12.531943166717777,0.19421445364407647,6.5010732904017186,12.746601247061228,3.342532965348053,0.7666360012266177,0.7359705611775529,El Hierro,Canary,Atlantic
43.23285796070053,4.294450159507413,14.376624514801797,13.575477845117002,0.18537194933125525,7.41487797325021,11.99768449838402,3.130726255372311,0.9989488380628755,0.792980005472592,El Hierro,Canary,Atlantic
43.642604587370364,3.271406293735891,12.400674482192612,12.602336233912093,0.1942397486905685,12.216657878169967,10.918318505343533,2.9544888090302264,1.0529839007962398,0.7462895607585001,El Hierro,Canary,Atlantic
43.15485875646372,4.020575632548287,9.81673542769404,14.149485287744334,0.18368112026870345,13.745470500107976,11.70456916378905,1.9184472561397916,0.7449289877564085,0.561247867487705,El Hierro,Canary,Atlantic
42.84206655434486,4.422737888604224,11.575054149293653,14.090112289107747,0.1847083108929838,12.006040208043949,10.138433953459336,2.7398399449125934,1.2211271664591707,0.7798795348814873,El Hierro,Canary,Atlantic
43.65248390834938,4.469817516214263,14.157839426357564,13.228129685235041,0.19478562570658486,7.473616902110545,10.990010039866261,3.434378137458207,1.4762700053551694,0.922668753346981,El Hierro,Canary,Atlantic
42.16423065993504,4.457712067830184,11.911088438124228,13.698285402397776,0.18403398445170482,10.254782578058885,12.003105430350082,3.2103706176575173,1.2984620014092507,0.8179288197853548,El Hierro,Canary,Atlantic
44.618923784756944,3.5207041408281654,12.622524504900978,13.622724544908978,0.20004000800160027,11.042208441688334,9.631926385277055,3.230646129225845,0.9301860372074413,0.5801160232046407,El Hierro,Canary,Atlantic
41.80418041804181,4.370437043704372,9.560956095609562,14.991499149914993,0.19001900190019005,14.501450145014505,10.991099109910992,2.2302230223022304,0.8700870087008702,0.49004900490049014,El Hierro,Canary,Atlantic
42.0626187856357,4.191257377213165,11.483445033510055,13.884165249574876,0.19005701710513156,11.863559067720317,11.323397019105734,3.1009302790837254,1.080324097229169,0.8202460738221466,El Hierro,Canary,Atlantic
43.47738895016545,4.602426551689562,13.917577459139677,13.486413315953072,0.2005414619472576,7.329790434172264,10.528426752231024,3.9807480196530634,1.5541963300912465,0.9224907249573848,El Hierro,Canary,Atlantic
40.315451074944754,4.892505525416918,13.662849105887082,17.14888487040386,0.19087803897930483,7.635121559172192,10.57866184448463,3.2951577255374724,1.496885674100864,0.7836045810729356,El Hierro,Canary,Atlantic
43.03365143144149,4.761426418884983,13.490708186840783,13.400301356102462,0.19085886489201406,7.865394274234054,11.03967855349071,3.907584128578604,1.4665996986438976,0.8437970868910096,El Hierro,Canary,Atlantic
42.889729275466706,4.7721952097965055,12.985973547832,13.616263481201349,0.18808651979910757,8.67399003541629,11.185145166776715,3.5116153430578056,1.390639694259359,0.7863617263941411,El Hierro,Canary,Atlantic
42.84757420348099,4.778614201881455,13.046216597186817,13.646042647632187,0.1889452058902918,8.597506723050314,11.156764538283896,3.5489707984684435,1.399594117705865,0.7897709664197382,El Hierro,Canary,Atlantic
42.930275723737395,4.770030635970821,13.00282409763594,13.591593569439869,0.18860581384905548,8.582063487311519,11.266453112993842,3.49270025646399,1.397080102585596,0.778373200011975,El Hierro,Canary,Atlantic
40.927583401139145,5.115947925142393,8.909682668836453,16.27339300244101,0.193246541903987,13.61879576891782,11.655817737998374,2.0341741253051264,0.8441822620016274,0.42717656631407647,El Hierro,Canary,Atlantic
42.07841568313663,4.040808161632327,12.27245449089818,11.44228845769154,0.19003800760152031,11.13222644528906,13.082616523304663,3.280656131226246,1.5103020604120827,0.9701940388077616,Gran Canaria,Canary,Atlantic
40.96390694737212,4.843981996526753,10.568687992422007,14.549290107781776,0.19457855800001755,12.862666781474843,11.367484177895761,2.846991532842362,0.9524108365264017,0.8500010691579712,Gran Canaria,Canary,Atlantic
45.035257785303486,3.5494758983405483,11.202392141583465,12.463358842370239,0.18465481552060653,12.77195807350862,10.751013703644205,2.267150790558558,1.0566358888123597,0.7181020603579144,Gran Canaria,Canary,Atlantic
45.87998452641446,3.650007657879195,12.387595822131905,12.980962681567235,0.19371549022263884,9.848903345003638,10.674743066479099,2.508105820777324,1.0501418680490422,0.8258397214754604,Gran Canaria,Canary,Atlantic
43.93748806628261,3.9451990444666762,12.355507084996411,12.247355620751588,0.1834976299751942,10.296255904163674,10.918108983524057,3.4762606567522907,1.7024502336587464,0.9378767754287705,Gran Canaria,Canary,Atlantic
44.71973426203565,3.71470561490136,12.525618932890536,12.218333981752421,0.19443362722624197,10.27428219658668,11.256683681519272,3.0495379428115843,1.1359017169533085,0.9107680433229228,Gran Canaria,Canary,Atlantic
44.73498563576028,3.6937144102921335,12.066133740287636,13.002765319813903,0.19494603832097374,10.414222573462544,11.819886112934826,2.3701334132707856,0.9029079669602993,0.800304788896629,Gran Canaria,Canary,Atlantic
42.76642788609944,4.2362971019249445,12.40629865563734,12.157353665084887,0.1916420117537475,10.449532851414864,12.21465664388359,3.08644503140246,1.5230496723587301,0.9682964804399874,Gran Canaria,Canary,Atlantic
42.69485089297147,3.7701896969927073,11.820054185166326,11.471870033857732,0.1834146339077533,12.635230335867453,12.32953927935453,2.6798915954299516,1.620162599518488,0.7947967469335978,Gran Canaria,Canary,Atlantic
43.55136896066513,3.8309074548733215,11.996789134998034,12.181487264732883,0.18146403733610472,11.291095656468737,11.492722364619965,3.1554579825667095,1.512200311134206,0.8065068326049099,Gran Canaria,Canary,Atlantic
44.59909277782215,2.8302287971264,14.743755069506841,10.617900659704876,0.1736963521702123,9.33873328726906,9.440907612075067,4.802193265882339,2.820011364645799,0.6334808137972447,Gran Canaria,Canary,Atlantic
46.318923914159555,3.891569976383612,9.857274874217063,12.701509395215114,0.19509189855221273,13.368929048156891,10.021562788787348,1.9817229695040555,1.0884074340281342,0.5750077009959955,Gran Canaria,Canary,Atlantic
40.10208595661383,4.155987512783191,9.820393894879327,13.129508569425166,0.20885340229578678,11.765498201544116,14.033510754860371,3.7380620253127486,1.5457827278783538,1.5003169544071304,Gran Canaria,Canary,Atlantic
41.72708741242753,3.603146902685365,9.342010926384821,12.59814274806345,0.20131447833955973,12.948517889223691,13.126994547888238,3.6701394918139805,1.4280609411286675,1.3545846620446995,Gran Canaria,Canary,Atlantic
46.466042350669355,3.3113766596382628,11.198810728532592,11.494370532484691,0.1727355210480406,9.825979366838382,12.161303385750816,3.4118816335079107,1.0956078243691165,0.8618919971608303,Gran Canaria,Canary,Atlantic
45.18966341021826,3.7727680262656613,13.334397061784276,10.602147789945061,0.17754860377318168,8.73345816272725,11.00220901588088,4.143131571396764,2.334337144713653,0.710339213295019,Gran Canaria,Canary,Atlantic
44.182071756276365,4.038175298555125,13.15460795119748,11.363722535147366,0.1856044720883591,8.655137535324961,11.219532278812544,4.189113756301261,2.2563895133342857,0.755644902962261,Gran Canaria,Canary,Atlantic
42.91949310728482,4.150142160613365,11.908745304927637,12.28836665429556,0.1878669108609899,10.420236795470288,12.130073985905131,3.392545565018755,1.6031988997829927,0.9993306158404457,Gran Canaria,Canary,Atlantic
39.77852326747306,5.087441826898091,12.804840137930636,13.336322278461187,0.20289446068848116,9.363997432850246,12.710360023178346,3.624835470478814,2.022328712119352,1.0684563899217876,Gran Canaria,Canary,Atlantic
46.13087061459441,3.813485304139805,13.326695955327272,13.171450198752293,0.18452348245837763,7.678227131184714,11.27643503912308,2.51156962235014,1.0456330672641398,0.8611095848057624,Gran Canaria,Canary,Atlantic
42.688537707541514,3.7207441488297666,11.5123024604921,11.43228645729146,0.1700340068013603,13.442688537707543,11.932386477295461,2.8905781156231254,1.4902980596119224,0.7201440288057612,Gran Canaria,Canary,Atlantic
47.61807734626514,4.258527242348915,14.426015730062353,11.970740453971231,0.19051306084192515,6.948123395411388,10.310118586739478,3.127674314356739,0.7569583112596278,0.39325155874322515,Gran Canaria,Canary,Atlantic
48.31601339453836,4.4580606418385935,14.21897423892355,11.939052814786919,0.22290303209192966,6.564952315036285,9.435210536494008,3.033109751753198,1.3099369968142167,0.5017862777229284,Gran Canaria,Canary,Atlantic
48.26946028378198,3.8762457539808017,13.311843970907756,11.587934675058396,0.18361164097803798,6.895637183397427,11.64913855538441,2.8357797884385865,0.9578407271020981,0.4325074209704895,Gran Canaria,Canary,Atlantic
46.225490691261,3.3638742133282156,10.091622639984646,11.798814057559625,0.1828412109947168,13.96058307153031,10.85935369167517,2.252684533249826,0.8737991575161881,0.3909367329003061,Gran Canaria,Canary,Atlantic
48.97897137066126,4.013174562959209,13.204965796807702,11.238915632125664,0.15302761591081834,6.891309855586522,10.306561945781606,3.6280719533823156,1.0955155814542692,0.48948568533063086,Gran Canaria,Canary,Atlantic
47.76143526749636,3.7477775981897525,12.526264748666557,12.849523193793438,0.1434459350250525,8.121868433812832,10.69783416841765,2.82851139486019,0.8839098108938095,0.43942944884435103,Gran Canaria,Canary,Atlantic
49.16065927138514,4.016227593008714,13.838191782493315,10.92007198706673,0.1728503014712611,6.659820439039765,9.89313784303159,3.9145509450844425,0.9425425262579943,0.48194731116104567,Gran Canaria,Canary,Atlantic
49.228434100683025,3.8047052871237033,11.95041740450291,12.132557551226917,0.1689855805717177,7.801669618011636,9.90640020237794,3.52137616999747,1.0503415127751077,0.43511257272957243,Gran Canaria,Canary,Atlantic
48.530173859144625,4.044181154928719,13.097863087193767,12.000447095404065,0.18188653937995997,6.706431060937071,11.187546360745024,2.9366039039557785,0.847449015882048,0.4674179224289475,Gran Canaria,Canary,Atlantic
49.93876580196556,4.129512859181586,13.724557443750568,10.465481118612157,0.1325897511158794,6.599123490652927,9.989777431402514,3.4918674912197236,1.052620924889424,0.4757036872096435,Gran Canaria,Canary,Atlantic
47.56380510440835,3.8975047828387677,11.661985590426182,12.180974477958237,0.18927830015874955,8.395408474783245,12.180974477958237,2.5033581633899136,0.9850612610412343,0.4416493670370823,Gran Canaria,Canary,Atlantic
47.16885022107214,3.5554921656920473,10.951730882862321,12.12331139591271,0.18949041341510622,10.900792599686218,11.389800118176815,2.3329733694655554,0.9535646610566637,0.4339941726604046,Gran Canaria,Canary,Atlantic
47.26119585610572,3.75234521575985,11.583326535606492,12.317481034342116,0.19067623786605759,10.54327432906436,10.155803899176115,2.6307202871359814,1.0900154988171955,0.47516110612611145,Gran Canaria,Canary,Atlantic
48.21576170699103,4.16339275692113,13.275916609692134,11.867710236027634,0.1530659101809239,6.816535200057144,10.990132350990336,2.938865475473739,1.1235037807279813,0.4551159729379471,Gran Canaria,Canary,Atlantic
48.385142095376594,4.4739340321961665,13.11882687996122,11.725140883475731,0.16663636914500396,7.200710981841684,10.250661495889636,2.9085620796218867,1.21594053606415,0.5544446464279222,Gran Canaria,Canary,Atlantic
44.35280752860982,4.363412777698883,13.7678506703393,12.546941081319805,0.20533707189171213,8.1313480469118,10.923932224639085,2.936320128051483,1.7042976967012107,1.0677527738369033,Gran Canaria,Canary,Atlantic
44.89292085171013,3.8845700919630457,12.08419033885074,13.401760667557323,0.17424193024636356,9.347567081451972,11.294976890087801,2.798120409250426,1.1991944611073253,0.9224572777748657,Gran Canaria,Canary,Atlantic
45.590411227562896,3.439817063340894,12.208783547200966,12.536233595409746,0.1848259914630928,10.67883506231203,10.771248058043577,2.936679642135808,0.8419850722207562,0.8111807403102408,Gran Canaria,Canary,Atlantic
44.21241025571536,3.858351543149234,11.216852231542601,11.994788011829518,0.18421837606548067,12.506380864000965,10.838181125185779,2.79397870365979,1.5760905507824459,0.818748338068803,Gran Canaria,Canary,Atlantic
42.720992872022876,3.717547937421222,11.203991159465616,12.576006653958952,0.20538938880780233,12.806028392166475,11.779081448127462,2.8035651572265015,1.242605802287204,0.9447911885158906,Gran Canaria,Canary,Atlantic
45.81441831605918,3.7922449165418115,12.288923391712519,13.311331069971244,0.18448759053446648,9.13213573145609,10.987260947386005,2.6135741992382755,1.04542967969531,0.8301941574050993,Gran Canaria,Canary,Atlantic
45.53507527585332,3.518387675289899,12.186879049192546,12.489030024166327,0.18356805262382078,9.21919553177411,11.095668958595391,3.65096460218488,1.1625976666175315,0.9586331637021751,Gran Canaria,Canary,Atlantic
41.43079005673941,3.8709059323084993,12.530041859009025,13.156628628026745,0.20160968397440102,10.816359545226616,12.116742006861502,3.2257549435904163,1.7136823137824089,0.9374850304809649,Gran Canaria,Canary,Atlantic
43.440743982912686,2.6608715571900117,13.979654734176309,10.125031532335859,0.19150211964625083,9.565026923383792,12.286372834146302,4.43478592865002,2.4189741429000104,0.8970362446587539,Gran Canaria,Canary,Atlantic
41.8475124263609,3.672976412816991,11.31398828546397,12.336939687448226,0.2034889979399995,14.386672154357965,11.436081684227972,2.543612474249994,1.271806237124997,0.9869216400089975,Gran Canaria,Canary,Atlantic
42.17779816270693,3.4326083946260293,10.740742396087898,12.413121285510034,0.16106080443993098,11.868168027167414,13.408311969624254,3.0802878849136803,1.7314036477292583,0.9864974271945773,Gran Canaria,Canary,Atlantic
42.02540658432908,3.6135860293413606,13.076789222202162,11.447177717438654,0.20962791882919493,11.090315134249314,11.938809091415104,3.8032493844725375,1.9964563698018567,0.7985825479207428,Gran Canaria,Canary,Atlantic
43.490881814752704,3.3950491479202363,13.771608858180898,10.580248555074135,0.20148659631574103,10.074329815787051,10.75938424326057,4.503225427656812,2.4984337943151886,0.7253517467366677,Gran Canaria,Canary,Atlantic
42.066172484326216,3.050053382075234,11.074354897333567,13.922990123313046,0.23540680465681335,11.391642329697099,13.367012473121662,2.9477025974418365,1.023507846333971,0.921157061700574,Gran Canaria,Canary,Atlantic
45.78872064491979,3.6041211241081768,11.95912918454077,12.149547599863183,0.1433457265270298,12.1639087938651,10.208263524817763,2.569984097020319,1.0238980466216412,0.38908125771622365,Gran Canaria,Canary,Atlantic
44.5307948746885,3.96507077651336,12.098549292438204,13.266618475806457,0.20333696289812106,9.55683725621169,11.285201440845718,2.9483859620227553,1.2200217773887263,0.9251831811864508,Gran Canaria,Canary,Atlantic
40.1807477637159,3.485064857056991,10.45519457117097,12.07386369460336,0.18450343360889948,13.837757520667463,14.145263243348962,3.177559134375491,1.3325247982864965,1.127520983165497,Gran Canaria,Canary,Atlantic
42.58793348612512,4.036770946552144,12.513989934311645,12.664460571344375,0.19174661996122683,11.403877924009805,11.302958650346001,3.0275782099141075,1.5137891049570538,0.7568945524785269,Gran Canaria,Canary,Atlantic
45.40036707144335,3.7284330489706203,12.50364011450368,13.113090604651523,0.19569123737691102,8.095437504118529,11.556082544047062,3.1825574920771316,1.3492395840197549,0.8754607987914439,Gran Canaria,Canary,Atlantic
45.077667597442314,3.34513008415409,12.11589798772884,13.312177697226318,0.15297850994607118,10.484127214970746,10.290354435705723,3.13096017022959,1.2238280795685694,0.8668782230277369,Gran Canaria,Canary,Atlantic
45.360827693991936,3.497160295614347,13.334201828892128,12.785730522529946,0.18406106819022877,8.139589459967894,11.043664091413726,3.3233248423235753,1.3906836263261728,0.9407565707500583,Gran Canaria,Canary,Atlantic
45.49279703863594,3.490783931182461,12.11025627738666,13.30366828978224,0.18426425443191874,10.421167278427406,9.899085224203635,2.927754264862709,1.2693759749754403,0.9008474661116027,Gran Canaria,Canary,Atlantic
45.29061850495179,3.587375723164498,12.596580664293523,13.026521529869806,0.17325394117555815,9.141693249086803,10.283130979184598,3.8013952975578342,1.1923947716200176,0.9070353390955691,Gran Canaria,Canary,Atlantic
46.53703583859176,3.3452650514881306,15.16110949940492,11.76479795386812,0.19437319871031952,6.51661724097229,8.746793941964379,4.8286394626984634,1.728898451686526,1.1764693606150918,Gran Canaria,Canary,Atlantic
45.271224037104254,3.528937285743093,14.922363379713651,11.595079653155878,0.21173623714458556,6.523492639645088,9.548296027424884,5.19257914902198,2.2887678967533778,0.9175236942932044,Gran Canaria,Canary,Atlantic
46.48265732055369,3.751231994290298,10.907114766007115,12.508629872299906,0.19367773883564038,10.397436505913324,12.130342590232214,2.181422953201423,1.009162954985705,0.4383233036806598,Gran Canaria,Canary,Atlantic
41.02199448692895,4.814740295860396,10.586321157917151,14.729218903969263,0.1934039442311787,12.113194401847508,11.604236653870723,2.9315966283462878,1.129886200508465,0.875407326520072,Gran Canaria,Canary,Atlantic
46.00024120482032,3.78224205461856,12.368953746185019,13.253767363532157,0.1737786889959879,8.780934932209034,11.040057889156877,2.678236265702872,1.063116685622514,0.8586711691566459,Gran Canaria,Canary,Atlantic
39.327253733857845,3.7289572193243448,9.88275547197982,12.491766238314762,0.2037681540614396,14.365654861331492,13.856234476177892,3.4334933959352574,1.3652466322116454,1.3448698168055016,Gran Canaria,Canary,Atlantic
45.482979269755475,3.6508759144781298,12.951431316724094,11.48155604002747,0.17336561605063747,9.055803944292123,10.809856059627982,3.6916678241371037,1.8356359346538085,0.8668280802531872,Gran Canaria,Canary,Atlantic
41.729590047280034,3.6308834477412772,11.65973839556354,11.754190458840162,0.18410113256152957,12.682522465349816,12.47796565139256,3.2626811826182185,1.5750874674708641,1.0432397511820009,Gran Canaria,Canary,Atlantic
41.65392691326621,4.5625817254629,12.323044392433278,12.261960792716804,0.19350234996382837,10.286177550708771,12.832261102864406,2.963641254709161,1.9146548312210385,1.008249086653632,Gran Canaria,Canary,Atlantic
43.38716857918729,3.6884173757014014,13.005989644346542,10.89881000681656,0.1828967293736232,10.770585174224479,11.278631644706765,3.9119578227136085,2.1439561054352496,0.7315869174944928,Gran Canaria,Canary,Atlantic
48.47235183600922,3.2382364483346455,14.066089572453617,11.54554751595894,0.1821508002188238,7.9943962318261566,9.714709345003936,3.03584667031373,1.214338668125492,0.5363329117554256,Gran Canaria,Canary,Atlantic
48.803165773091855,3.1453183762283734,14.001739868371468,11.454214615016072,0.18263138958745392,7.914026882123004,9.841802661101685,2.942394610020091,1.217542597249693,0.4971632272102912,Gran Canaria,Canary,Atlantic
48.92647502015646,3.186388079043803,14.081779575129067,11.737050210486625,0.18501608200899503,7.297856568132581,10.073097798267508,2.9808146545893646,0.9250804100449752,0.6064416021405947,Gran Canaria,Canary,Atlantic
48.26366906874341,3.029100569167997,13.328042504339185,11.358420344247182,0.1716490322528532,8.78439165058719,10.399911954143457,3.029100569167997,1.1106702086949325,0.5250440986557862,Gran Canaria,Canary,Atlantic
48.71228711581656,3.196424710115426,13.520978645983464,11.980879947332722,0.17360773185930428,7.301736957611915,10.539010545811884,2.8900581244813592,1.0824952692403678,0.6025209517469972,Gran Canaria,Canary,Atlantic
47.1168360672235,3.55237999396196,11.130119754453053,11.884874710677266,0.1710777900774882,11.804367515346684,10.717520378383819,2.234074670423669,0.9761497433833147,0.41259937606923613,Gran Canaria,Canary,Atlantic
46.6236294702326,3.5659391331079004,11.302387539706936,12.265600983707348,0.17419817604262733,11.527820473409161,10.923250333025925,2.182600676298801,0.9939542985961676,0.4406189158725279,Gran Canaria,Canary,Atlantic
47.233426819517454,4.052662729057365,12.699023765610484,12.464526696053134,0.1735397138387285,8.268656953492357,10.973834845684301,2.4397642122033005,1.194361559948896,0.5002027045939822,Gran Canaria,Canary,Atlantic
45.78121174247077,4.069895526804414,13.078885373826246,12.844925691070308,0.17383975868260063,9.060119187810832,11.555231018314041,2.2292392584004084,0.6135520894680021,0.5931003531524021,Gran Canaria,Canary,Atlantic
44.59626951234934,4.209315701967452,10.850226396819014,13.136888111341547,0.17368535663457935,13.506590674759641,10.431338183759149,1.9105389229803729,0.6130071410632212,0.5721399983256732,Gran Canaria,Canary,Atlantic
46.51679225863498,3.2359507658180853,13.752790754726863,12.245060169470785,0.1921345767204488,8.797741144567919,10.011222681749702,3.438197688681716,1.213481537181782,0.5966284224477094,Gran Canaria,Canary,Atlantic
44.87563126754483,3.8756227003788717,12.544778740700032,13.033066404919346,0.2039801421252038,8.873136182446364,11.422887959011412,3.059702131878057,1.2238808527512226,0.8873136182446365,Gran Canaria,Canary,Atlantic
44.28585687194331,3.792793691985228,11.168779319293343,11.418305220081844,0.17965864856772132,11.498153508334164,12.376484679109693,3.213893602155904,1.2276674318794292,0.8384070266493663,Gran Canaria,Canary,Atlantic
44.18606726402976,3.5782059020030337,11.017631204022774,11.396776346861747,0.16940847488035507,12.916399348006665,11.817048273005707,2.901782856853069,1.3062172859754833,0.7104630443614148,Gran Canaria,Canary,Atlantic
43.66648961414097,3.770363335425342,12.370314735748558,11.584389028055996,0.18727892661517065,10.549695340960291,11.600123234043885,3.767093019280135,1.7646473159856315,0.7396054497440326,Gran Canaria,Canary,Atlantic
45.431421648478796,3.4106140204441813,12.253136940825621,10.495779774192492,0.17198724444037358,10.91386976748823,11.242249325867732,3.4224197610476694,2.009736947851897,0.6487845693630175,Gran Canaria,Canary,Atlantic
42.50457542925872,3.7777033775462017,13.776239219681955,11.219187015440092,0.19785128863084434,9.213649974613284,11.373024981274567,4.6843500718318225,2.466552973423831,0.7868656682986759,Gran Canaria,Canary,Atlantic
42.00752659609953,3.9315330906416652,12.947395349119475,11.69013925406055,0.19780538009410437,10.079790722574279,12.012005351173901,4.166665961525254,2.127049730415267,0.8400885642959744,Gran Canaria,Canary,Atlantic
44.11500684961158,3.2900690675803492,10.341028141829877,10.384132838150553,0.18356432556047372,14.36203262115439,11.797681974177001,3.1341825423692167,1.3601723389274,1.0321293006391623,Gran Canaria,Canary,Atlantic
43.83377792698539,3.919076084477105,11.829793779745277,10.092630027601825,0.1834947667098355,11.059312960642757,13.25387154942857,3.3370179977432755,1.56683424445197,0.924190662214008,Gran Canaria,Canary,Atlantic
44.12733112639964,3.769717437584462,11.992389605040522,10.250098688384258,0.18283264829809198,11.964046874911748,12.122039519166561,3.5975468526387653,1.079056049167708,0.9149411984082453,Gran Canaria,Canary,Atlantic
42.137857612124556,4.169294441850557,10.316387504397714,12.173435805297379,0.2047436123240699,11.77909639067261,12.582908631156094,4.119530709522417,1.274117696990521,1.2426275956640918,Gran Canaria,Canary,Atlantic
43.70437043704371,3.68036803680368,13.29132913291329,10.741074107410741,0.19001900190019,10.34103410341034,10.901090109010902,4.22042204220422,2.2002200220022003,0.73007300730073,Gran Canaria,Canary,Atlantic
43.59871974394879,3.9307861572314464,12.0624124824965,12.23244648929786,0.1900380076015203,11.242248449689937,11.352270454090817,3.080616123224645,1.5103020604120823,0.8001600320064013,Gran Canaria,Canary,Atlantic
45.04586130426505,3.3348302787895543,14.662992210431607,12.668490760683406,0.15391524363644093,8.598731611155836,11.38972802909663,2.6268201580619257,1.1081897541823749,0.4104406496971759,Fuerteventura,Canary,Atlantic
46.90478765612503,2.4215486902728323,14.488593844321485,11.654171102357132,0.15261861493316167,9.411481254211637,10.63243017367693,3.1541180419520085,0.6409981827192791,0.5392524394305047,Fuerteventura,Canary,Atlantic
44.138218402996124,3.8004513998886322,9.333012016884684,13.649261088321312,0.2037775549538141,10.229633258681465,14.93689477811457,1.8034313613412547,1.2939874739567194,0.6113326648614422,Fuerteventura,Canary,Atlantic
41.94838967793558,3.3806761352270445,11.632326465293056,12.782556511302257,0.20004000800160027,13.092618523704738,11.192238447689535,3.280656131226244,1.4802960592118422,1.0102020404080814,Fuerteventura,Canary,Atlantic
45.07901580316063,3.290658131626325,12.172434486897377,11.942388477695538,0.18003600720144025,11.402280456091217,10.822164432886575,3.1806361272254446,1.2802560512102419,0.650130026005201,Fuerteventura,Canary,Atlantic
43.094830172231845,4.105242115932986,11.84597227483147,13.381433762826866,0.18381681116117862,13.132689952959783,10.355013695413092,2.2670740043212,1.1233249570960864,0.5106022532254961,Fuerteventura,Canary,Atlantic
45.78122705012306,2.880981272376454,11.807965496641527,12.698152006789504,0.18259740458723986,12.660086718048644,9.99213575102397,2.5563636642213563,1.0651515267589042,0.37533910942932674,Fuerteventura,Canary,Atlantic
45.58131519959872,4.187286666749004,13.14257858906624,13.809135764728413,0.19357286293973508,6.99918720208411,12.083021865606614,2.5164472182165594,0.9882404055344367,0.4992142254761589,Fuerteventura,Canary,Atlantic
45.895694446816435,4.249029770575025,12.407578458386153,11.974095116126087,0.19547594586180506,8.487771333473114,10.185325600167737,2.4177288040802205,3.2099207952043782,0.9773797293090253,Fuerteventura,Canary,Atlantic
43.4551035738525,2.7737300153522875,11.649666064479607,12.761054480105091,0.16436918609495035,14.012473114594517,10.971643171837936,2.7531838670904185,1.109492006140915,0.34928452045176955,Fuerteventura,Canary,Atlantic
43.559721981266144,2.6673357115420244,12.626741296082965,11.815650145027,0.16227137408620682,12.23120482174784,11.257576577230598,3.3062792470064633,1.6227137408620682,0.7505051051487065,Fuerteventura,Canary,Atlantic
45.422672802318736,2.533781748156555,13.585602137473563,12.708128798265014,0.1544988870827168,11.402017866704501,9.89822869909939,2.698580561044787,1.1947913934396763,0.4016971064150636,Fuerteventura,Canary,Atlantic
45.871086370035286,2.4505765557953754,14.92998321808107,11.738057830764873,0.16474464240641182,10.183278208746332,10.275947070099937,2.4917627163969787,1.379736380153699,0.514827007520037,Fuerteventura,Canary,Atlantic
43.78793588191612,3.1568046798590688,12.57630251492242,12.760175185959216,0.16293185444433902,10.27489007089613,11.97549130165892,3.217904125275696,1.3238213173602547,0.7637430677078392,Fuerteventura,Canary,Atlantic
44.175255233333345,3.0729724578768973,12.873814848447735,12.588736929096333,0.1633473731761806,10.188792401864266,11.699755603743936,3.0423448254063636,1.3986618828210464,0.7963184442338804,Fuerteventura,Canary,Atlantic
44.56180271803819,3.0152289986428595,12.440383589638738,12.353241420401769,0.15383821421647242,10.081530971652827,12.840362946601566,2.461411427463559,1.3332645232094278,0.7589351901345974,Fuerteventura,Canary,Atlantic
45.39899589798007,3.002927996827285,13.198680148217223,12.874507983943506,0.15217540524462592,11.372575285281712,10.226187232438862,2.871042645615276,0.5275414048480366,0.3753659996034106,Fuerteventura,Canary,Atlantic
43.31257172971939,2.521868081777744,12.88613080810823,11.724365641511575,0.16402394027822728,12.52732843874961,11.553436293347634,2.952430925008091,1.4967184550388237,0.8611256864606932,Fuerteventura,Canary,Atlantic
43.29193768438291,2.831802041472576,12.203233257856642,12.87624870246423,0.15279507418017496,11.704102682201404,11.571680284578584,3.0864604984395343,1.5279507418017497,0.7537890326221965,Fuerteventura,Canary,Atlantic
43.3326807941402,2.9874059935724895,12.306481345535818,13.12052398897209,0.17333072317656084,11.460219579438492,11.133949982870847,3.1607367167490503,1.5803683583745252,0.7443025171699376,Fuerteventura,Canary,Atlantic
43.49123304747552,2.5992407515432427,12.699440049862854,11.840712304940798,0.15349846957932536,12.699440049862854,11.287254129733059,3.0597361602812194,1.37125299490864,0.798192041812492,Fuerteventura,Canary,Atlantic
43.56945879941064,3.150092326342365,12.39581785560697,11.787187289925663,0.15341358732186844,12.365135138142595,11.127598867079524,3.0989544639017423,1.5341358732186843,0.818205799049965,Fuerteventura,Canary,Atlantic
43.70133615426397,2.1210261627040192,12.285557338560963,11.787853938556024,0.1639440512234991,12.521226912194741,12.408515376978585,3.1149369732464827,1.1681013649674308,0.7275017273042771,Fuerteventura,Canary,Atlantic
44.125915039973464,2.3937923642174197,12.523746317515169,11.74816992005309,0.1746543785051336,12.842233713612766,11.465546259513477,2.8150176300239185,1.1301165667979234,0.7808078097876562,Fuerteventura,Canary,Atlantic
43.72908486571478,2.221965101065322,12.520113857144324,12.196867650140213,0.1724813092151163,13.179601215908004,11.099679545961013,3.043787809678523,1.055179774021888,0.7812388711508209,Fuerteventura,Canary,Atlantic
43.77480703587701,2.7727429978641354,12.563674316329433,12.094906056724962,0.16250508412390538,11.954280250864787,11.3347296176424,3.189162275931643,1.4016063505686838,0.7515860140730624,Fuerteventura,Canary,Atlantic
43.67988291850051,2.5075488342102146,12.901743195371909,11.861680694312772,0.17188842815150665,12.861298859336262,10.576193873322115,3.134436042762768,1.4762182653011746,0.8291088887307967,Fuerteventura,Canary,Atlantic
43.72377597033067,2.3049759355457553,12.586381753309059,11.420179178719685,0.151643153654326,13.071639845002903,11.534989221305732,3.235053944625622,1.2333643163885184,0.7379966811177199,Fuerteventura,Canary,Atlantic
44.60352743709628,3.094938638492395,13.492314195257697,12.128016695353173,0.16182685691463505,10.882856127509207,10.154635271393348,3.3376789238643476,1.5171267835747035,0.6270790705442107,Fuerteventura,Canary,Atlantic
45.165559852748885,2.522761000784172,13.519150685653889,13.035952436677887,0.1424139274636226,10.721734253332729,10.32500974111264,2.929657936394522,1.1393114197089809,0.49844874612267914,Fuerteventura,Canary,Atlantic
45.49324378761866,2.6507874332943153,12.629620435077934,12.483075899228972,0.16375520823439788,11.329813469717402,10.674792636779811,2.8657161441019623,1.1053476555821857,0.6038473303643421,Fuerteventura,Canary,Atlantic
45.873634565932996,2.5705491794420925,12.751143162845164,12.1136347740154,0.15240410154795017,11.440467889532792,10.343158358387551,2.966799843466763,1.1989122655105413,0.5892958593187405,Fuerteventura,Canary,Atlantic
45.95093583271952,2.7974525770688587,13.179334343230545,11.29954518268668,0.16158570842274997,11.634171006437995,10.18999873740967,2.928740965162343,1.272487453829156,0.5857481930324686,Fuerteventura,Canary,Atlantic
46.44269966495691,2.701568804039977,12.566848144635397,11.41485063906369,0.15177352831685265,11.119940508014738,10.644383452621932,3.035470566337053,1.3153705787460563,0.6070941132674106,Fuerteventura,Canary,Atlantic
48.89132438434066,2.4824078015578537,13.945884478670544,11.672701272211796,0.15136632936328376,8.48660553296811,9.758082699619694,3.2291483597500537,0.9283801534281405,0.45409898808985133,Fuerteventura,Canary,Atlantic
49.11619836204727,2.2302504932198963,14.060715609527255,11.094105338461395,0.13178752914481207,9.073064506508215,10.036127219489535,3.1020756860240377,0.8312751838365069,0.3244000717410758,Fuerteventura,Canary,Atlantic
48.93808595782381,2.504983553671889,14.120834709811698,10.840766821525156,0.14141036190083248,9.272479444640298,9.48459498749155,3.2322368434475988,0.9696710530342797,0.4949362666529135,Fuerteventura,Canary,Atlantic
44.25442911378569,2.977486935766226,13.88814111819726,12.449647840791735,0.1529530960153883,12.073097712147984,10.767897959483339,2.2637058210277474,0.8157498454154043,0.35689055736923936,Fuerteventura,Canary,Atlantic
41.00961055172835,2.7878454463736513,12.616010733770617,12.364684446602173,0.1717151180737394,12.908936523425819,11.828141368491107,3.575714811653161,1.6666467342451177,1.0706942656362575,Fuerteventura,Canary,Atlantic
41.60163669543726,3.320033293455819,12.794274643073647,12.211436725175842,0.22268515992691476,12.520979219526978,11.49865189440796,3.17832455532051,1.599284330384206,1.0526934832908696,Fuerteventura,Canary,Atlantic
42.033621017140746,2.77874955706128,13.84340811941761,11.965992293681774,0.1610869308441322,12.655392004442136,11.074726495534088,3.181466884171611,1.4799861771304645,0.8255705205761774,Fuerteventura,Canary,Atlantic
42.97350254847584,2.6484260130229504,13.19139393459707,11.881488516891583,0.16235561765657935,13.029038316940492,10.57340959988473,3.1760817704068334,1.511936689426895,0.8523669926970414,Fuerteventura,Canary,Atlantic
42.73744497051166,2.684917131088615,13.716205868183037,11.749690103244616,0.1608939104772204,12.046931546981876,11.403355905072994,3.1877106013299286,1.4782128025094623,0.8346371606005807,Fuerteventura,Canary,Atlantic
43.503413439243005,2.517817160544286,13.61448714633019,12.018534220658124,0.16243981680930877,11.939326535484195,10.589045558256815,3.4518461071978113,1.4213483970814516,0.7817416183947984,Fuerteventura,Canary,Atlantic
44.22978167311328,2.1811947126466826,13.460798851657534,11.520240406434128,0.16156997871456907,12.531771474048762,10.966562305251374,3.090025842916133,1.07040110898402,0.7876536462335241,Fuerteventura,Canary,Atlantic
44.948572043155735,2.472931584786922,13.226129992405466,11.329186740570565,0.15202448267132718,12.648436958254422,10.90522289028987,2.472931584786922,1.2871406199505702,0.5574231031281998,Fuerteventura,Canary,Atlantic
44.581041608622115,2.6354817349604467,13.803461807244943,12.514123556715283,0.1615620986948933,11.4305184826637,9.451382773651257,3.352413547919035,1.4439612570856086,0.6260531324427114,Fuerteventura,Canary,Atlantic
44.13268178868375,2.5478661651198866,13.720057087570181,12.078396143323298,0.17187986034538918,11.141859182389343,10.909315841922053,3.2353856065014432,1.2840436625802603,0.7785146615644098,Fuerteventura,Canary,Atlantic
44.541302468796765,2.532246187920269,13.347257795292894,12.531575899327738,0.16141808369212873,11.289177228218254,10.239959684219418,3.319159345919397,1.2812560393062717,0.7566472673068534,Fuerteventura,Canary,Atlantic
44.31086169693847,2.782074649921936,13.121275712540914,11.58060930793556,0.15174952635937833,11.806113150759634,10.986665708418991,3.1766234184563205,1.3859790074156557,0.6980478212531404,Fuerteventura,Canary,Atlantic
44.58557070762541,2.696341422182556,12.926280975257198,11.687244430762332,0.15147985517879528,11.775034075898352,10.825760316777904,3.2315702438142995,1.4138119816687558,0.7069059908343779,Fuerteventura,Canary,Atlantic
44.712307327215676,4.014982698770387,11.811754656736115,11.84274099543304,0.15208267798372677,11.527866991166489,11.578561217161067,2.646238596916846,1.0443010554882572,0.669163783128398,Fuerteventura,Canary,Atlantic
45.404593560153614,2.518575244994156,13.526053506980567,11.368226537715614,0.1505124648402882,10.71648749662852,11.258332370053559,3.180830090291424,1.254270540335735,0.6221181880065246,Fuerteventura,Canary,Atlantic
42.93821019799667,2.677323694698616,13.91198010415092,11.80996780745577,0.1717528407919867,11.022491135532793,11.588265199318162,3.5158816820947862,1.4346413760271828,0.9294859619331044,Fuerteventura,Canary,Atlantic
44.83895579538177,2.9343287970083995,14.199337637578319,10.14120512722908,0.20098142445263012,12.561339028289382,10.702260852102553,2.7232983013331378,1.1455941193799914,0.5526989172447329,Fuerteventura,Canary,Atlantic
44.40894583439371,2.649482870119761,13.709066668877245,11.934802328405691,0.16057471940119764,11.180014838308384,9.945596682911678,3.984260225142216,1.4251006346856288,0.602155197754491,Fuerteventura,Canary,Atlantic
45.34726590923766,2.3460735554387235,13.619414016637785,11.204670583546491,0.162498601242509,11.283496623776717,11.517088363062825,2.904662497209848,1.086709395809279,0.5281204540381543,Fuerteventura,Canary,Atlantic
46.067077567564155,2.2128290534637807,12.693592115778596,10.963805539720976,0.1408163943113315,13.226682751385779,10.390238237400387,2.755978002950345,1.0460646434556053,0.502915693969041,Fuerteventura,Canary,Atlantic
45.4688467354789,2.3850845943833803,14.412000527763402,11.47783901186453,0.16238873834099607,10.70750743435943,10.595865176749994,3.054938140039989,1.0656760953627868,0.6698535456566089,Fuerteventura,Canary,Atlantic
45.94714446054274,2.3074333511983083,13.985665901586255,11.299843709175937,0.15114192256757478,10.831837784009526,10.882218424865385,2.9422294259821227,1.1285263551712252,0.5239586649009259,Fuerteventura,Canary,Atlantic
45.92999999999999,2.8399999999999994,12.809999999999999,11.559999999999999,0.17999999999999997,11.579999999999998,10.509999999999998,2.9799999999999995,1.1099999999999999,0.49999999999999994,Fuerteventura,Canary,Atlantic
43.30433043304331,3.160316031603161,12.051205120512055,12.271227122712274,0.18001800180018004,13.621362136213625,10.251025102510253,3.210321032103211,1.3401340134013404,0.6100610061006101,Fuerteventura,Canary,Atlantic
49.34493449344935,2.9102910291029107,13.691369136913693,11.331133113311331,0.17001700170017003,8.380838083808383,9.510951095109512,3.3603360336033603,0.8600860086008602,0.4400440044004401,Fuerteventura,Canary,Atlantic
45.693708112433725,2.8708612583775133,13.093928178453536,12.033610083024907,0.18005401620486144,10.843252975892769,10.12303691107332,3.3810143042912877,1.130339101730519,0.6501950585175553,Fuerteventura,Canary,Atlantic
45.42473614099806,3.330259247873758,11.29214058817502,12.798442463367149,0.20493903063838514,13.08535710626089,9.816579567578646,2.5105031253202177,1.0451890562557642,0.4918536735321243,Fuerteventura,Canary,Atlantic
45.1065143562828,2.9330040135844397,12.215704435525367,12.359781825666358,0.18524235875270145,11.9687146238551,10.672018112586189,2.9432952557373673,0.9056293094576515,0.7100957085520222,Fuerteventura,Canary,Atlantic
44.11288691078292,2.9840178029536717,10.651426259356663,11.996763099332387,0.17196034796682175,14.39409265628161,12.50252882864657,2.063524175601861,0.7080720210398542,0.4147278980376289,La Gomera,Canary,Atlantic
41.24540846947271,5.499387795929695,13.249450967600987,13.557771089164342,0.21386508095282147,7.261228700921986,13.707733283928464,2.851534412704286,1.4970555666697503,0.9165646326549491,La Gomera,Canary,Atlantic
43.91086117414996,3.648290191914415,12.299083555567433,12.026686646495904,0.20212134027226678,11.217734385110806,11.157097983029125,3.223835377342655,1.4552736499603207,0.8590156961571338,La Gomera,Canary,Atlantic
44.54049719277117,3.2151071536850915,13.003777341337788,12.03507784296618,0.21502308989613667,9.3893415921313,13.065212509879542,2.8157785581636943,1.0853546442376423,0.634830074931451,La Gomera,Canary,Atlantic
44.08037128705081,3.651509017371257,12.860977892675008,12.111607545978549,0.19165378820456871,11.216790130709494,10.460262019375671,3.530464519557845,1.2104449781341182,0.6859188209426671,La Gomera,Canary,Atlantic
45.66070677416563,3.30786453519511,16.316092553968517,11.529843919122184,0.21308329827943961,6.747637778848922,9.385811948022935,3.9877017249437987,1.6031981489595934,1.2480593184938606,La Gomera,Canary,Atlantic
50.15412011677442,2.733810645709426,14.38847708268119,9.455369215413407,0.1438847708268119,9.527227325461043,6.330929916379723,4.203490804869004,2.0760516933582855,0.98663842852671,La Gomera,Canary,Atlantic
46.352583586626146,2.9787234042553195,13.677811550151977,12.299898682877409,0.1722391084093212,9.321175278622087,10.010131712259373,3.373860182370821,1.0942249240121582,0.7193515704154002,La Gomera,Canary,Atlantic
45.35179716933103,3.2379594745952556,9.530597698808675,12.442724773444661,0.17309846247836272,12.646370023419204,13.3183993483352,1.914265349760717,0.8043987373994502,0.5803889624274514,La Gomera,Canary,Atlantic
47.226688102893895,3.195337620578778,12.992363344051446,9.987942122186496,0.15072347266881028,9.94774919614148,12.791398713826368,2.20056270096463,1.0952572347266882,0.41197749196141475,Ile De L'Est,Crozet,Indian
47.5844679778114,2.8946041351487652,13.535047907211299,11.447302067574384,0.18154311649016644,7.73575390821987,12.748361069087244,2.2793746848209784,1.2102874432677762,0.3832576903681292,Ile De L'Est,Crozet,Indian
48.22482248224823,2.6802680268026804,13.771377137713772,10.951095109510952,0.17001700170017003,9.02090209020902,10.671067106710671,2.6902690269026905,1.3301330133013303,0.49004900490049,Ile De L'Est,Crozet,Indian
48.5553206483439,2.6980771166817683,14.124635054867612,10.711768851303734,0.17114668277458978,8.325782744387396,10.812443370582905,2.7685492801771874,1.3490385583408842,0.48323769254001814,Ile De L'Est,Crozet,Indian
47.82565130260521,2.8657314629258517,14.07815631262525,11.052104208416834,0.17034068136272548,8.67735470941884,11.402805611222446,2.454909819639279,1.0521042084168337,0.42084168336673344,Ile De L'Est,Crozet,Indian
47.64160451521872,3.0336625680306395,13.626285023180811,10.935295303366258,0.17133642410804278,8.33501310219714,12.023785527111471,2.499496069340859,1.3102197137673859,0.4233017536786938,Ile De L'Est,Crozet,Indian
47.237183323359275,2.9024536205864755,13.863953720327151,11.350488729303812,0.16955914621982848,8.946738479952126,11.53999601037303,2.4137243167763818,1.1669658886894074,0.40893676441252746,Ile De L'Est,Crozet,Indian
46.923542465200725,2.9856768206576554,14.10127092999798,10.873512204962676,0.1714746822675005,7.847488400242081,13.132943312487388,2.35021182166633,1.2104095218882387,0.40346984062941293,Ile De L'Est,Crozet,Indian
46.818956016431216,2.8754633804228034,14.026650636208796,10.820559062218216,0.17032361486824968,9.027151588017231,12.213205089670373,2.4346257889990985,1.2123033764151887,0.40076144674882275,Ile De L'Est,Crozet,Indian
46.854620246814484,2.8995685763017955,13.70522724992475,11.076552623658069,0.1705628574295174,9.320758503060096,12.099929768235175,2.4581117688371625,1.0233771445771043,0.39129126116183405,Ile De L'Est,Crozet,Indian
47.78081083813568,2.871297138813062,13.709432817713074,10.605601051460924,0.17187342028106362,8.987968860580327,11.960368011323427,2.2040238600748157,1.2637751491254676,0.44484885249216466,Ile De L'Est,Crozet,Indian
46.746276623576264,2.6871503915938635,12.37103199148873,11.496420310070791,0.16224304251132762,10.850003467945033,11.86402248364083,2.3322437361003345,1.0850003467945033,0.40560760627831904,Ile De L'Est,Crozet,Indian
46.18852048482421,2.804768105779826,12.290894520685166,11.088851046779528,0.16027246318741864,11.2891916257638,12.52128618651708,2.2337974556746474,1.0317539817690073,0.3906641290193329,Ile De L'Est,Crozet,Indian
45.79936192839418,2.442902719400415,11.434648301007746,11.535929508279738,0.1650883678533448,14.017319086443509,11.009267230465385,2.2079303185293964,1.0128120727199068,0.3747404669063654,Ile De L'Est,Crozet,Indian
46.89223793281446,2.3694092165059066,11.427009848078464,10.931063450774793,0.16194168075221915,13.714436088703561,10.920942095727778,2.196334045201972,1.002014149654356,0.3846114917865205,Ile De L'Est,Crozet,Indian
46.84540509880581,2.563583141731406,12.174740957570721,11.577145519553524,0.16003403255375825,11.455600684702569,11.749334035592378,2.157420818604462,0.9419724700949061,0.37476324079044654,Ile De L'Est,Crozet,Indian
47.51488637744561,2.5478997042978078,13.245837890387651,11.372382225462792,0.1640539555231498,10.390083849799488,10.450844574067322,2.5924575687608855,1.2455948474905818,0.4759590067646939,Ile De L'Est,Crozet,Indian
46.59694353236856,2.8882403015930933,12.910940856945965,11.927925736754633,0.16822732984717667,8.42150066885565,13.488588917264584,2.1383112408285703,1.074222708662694,0.38509870687907904,Ile De L'Est,Crozet,Indian
46.94193783611339,2.8590526539665175,13.338194634339015,11.58610073020792,0.16811999311315692,8.051529790660226,13.074874163197926,2.380011950698306,1.1950698305634044,0.4051084171401371,Ile De L'Est,Crozet,Indian
46.51186168073985,2.864897466827503,12.293928427824689,10.755930840369922,0.16083634901487737,10.906714917571371,12.937273823884196,2.201447527141134,0.975070365902694,0.39203860072376356,Ile De L'Est,Crozet,Indian
47.09887206584696,3.1500863733360425,14.53104359313078,11.17772584086983,0.17274667208617012,8.728787724824711,10.18189208413779,2.8045930291637022,1.5242353419367949,0.6300172746672086,Ile De L'Est,Crozet,Indian
46.920821114369495,3.1347962382445136,14.27849125290727,11.396501162908281,0.17190818080695722,9.141470320558193,10.2032561431894,3.1550207301041557,0.9404388714733541,0.6572959854383659,Ile De L'Est,Crozet,Indian
45.24484014569,3.4297855119384866,14.295831647106436,12.181303116147307,0.18211250505868068,8.630109267503034,10.582760016187779,3.186968838526912,1.5277215702144882,0.7385673816268716,Ile De L'Est,Crozet,Indian
46.60759185659827,2.8256549598507585,13.058642225646851,12.440181685457054,0.17742720415281044,7.80679698272366,12.89642306756428,2.6157839240814345,1.1051180144375052,0.4663800794873875,Ile De L'Est,Crozet,Indian
44.734011244393024,2.7796383121232418,11.914185390407763,13.436440763969232,0.19180417706874506,9.174125717997118,14.025046175079666,2.232641214556821,1.0960238689642576,0.4160831354401348,Ile De L'Est,Crozet,Indian
46.56373239793591,2.621681079491885,11.101085777430834,12.398746945934166,0.17538701730552825,10.878050264094325,12.844817972607183,2.027595575786454,0.9732458763774977,0.415657093036223,Ile De L'Est,Crozet,Indian
45.40895413513267,2.537916780644965,10.506266273568178,11.944925686149356,0.17020759247439288,13.869892505800227,12.309656241451627,1.9452296282787755,0.9624834098254358,0.3444677466743666,Ile De L'Est,Crozet,Indian
44.31329601687354,3.6130039750141973,14.500689543278982,12.553743814391177,0.1754279224466618,8.355642086476841,11.833779508396205,2.636489007868906,1.4399286119899408,0.5779995132635678,Ile De L'Est,Crozet,Indian
45.930562307567655,2.6180926916221035,11.302868254739911,11.596580781072758,0.16306109220547724,13.693080538000324,11.181332036947008,2.12688381137579,1.0229298330902608,0.3646086533787068,Ile De L'Est,Crozet,Indian
46.11613608970009,2.4916691144445906,11.658175409454161,11.41508573975225,0.1610469061775162,13.268644471229324,11.40495700351467,2.2384507085050998,0.8812000526694284,0.36463450455286694,Ile De L'Est,Crozet,Indian
46.23733206443056,2.3923541858605084,11.146770878681421,11.248013120994603,0.16198758770109242,13.779069178824171,11.602360969090745,2.1463355370394748,0.9618013019752361,0.32397517540218485,Ile De L'Est,Crozet,Indian
47.720718441689854,2.9557298254490263,14.07538578294966,10.70579306855553,0.15583101441942832,7.579053883126741,12.102200860106251,2.8737667594232232,1.3356944093093854,0.49582595497090826,Ile De L'Est,Crozet,Indian
48.752616623014156,2.8123009091184894,13.955322742119797,10.173228027951097,0.14764326959054275,8.50465683052373,11.30583393165937,2.689939021307149,1.1629435618433162,0.49551508287236956,Ile De L'Est,Crozet,Indian
47.62145902751755,2.8317651944053392,12.963731934330596,11.434416682702533,0.16305944073650203,8.821414464689022,12.264905759745586,2.420571822113291,1.043175304090665,0.4355003696689184,Ile De L'Est,Crozet,Indian
47.78782569950075,2.8952191920930845,13.326717232579572,11.260873527833192,0.16202695723500998,8.09122117692331,12.597595925022025,2.369644249562021,1.0633019068547531,0.4455741323962774,Ile De L'Est,Crozet,Indian
46.39196142781897,2.638669421822455,12.519752035979096,11.770187593695555,0.16105506259876018,11.496697864754266,11.202949637372878,2.329727320610996,1.0737004173250682,0.41529921802196024,Ile De L'Est,Crozet,Indian
46.77705200263304,2.5965871689705806,12.030988910830928,11.382854828092562,0.16304623018887032,11.8183199149324,11.544888348777153,2.2178338143703478,1.0937262646209933,0.3747025165831181,Ile De L'Est,Crozet,Indian
47.33601992669245,2.6467669751523863,12.423806727283774,11.168263097142624,0.17010591118041354,10.945505356311132,11.28976731941435,2.4098337417225246,1.1947915190052854,0.4151394260950568,Ile De L'Est,Crozet,Indian
46.82148864166009,3.1400085111556937,14.033274565829737,11.925750298903683,0.17731574361156707,8.08559790868746,11.236751980870165,2.7053316311021947,1.3678643078606605,0.5066164103187631,Ile De L'Est,Crozet,Indian
47.795978698847875,2.5644400348269785,13.384088930285298,11.177030392613439,0.16299835989227934,9.962135784720676,10.478465993075101,2.7031405025614026,1.2857634600198433,0.4859578431571061,Ile De L'Est,Crozet,Indian
47.501848419474754,2.7954179453678103,13.349133521720196,11.566548165253767,0.16509171199092507,7.991249126431894,12.711048990712328,2.380156583918245,1.1748858031256015,0.36461973200449704,Ile De L'Est,Crozet,Indian
45.88855746027398,3.0389773152499324,13.574098674783034,11.758228689526124,0.1722087145308295,8.813034214224803,12.561106236366387,2.8363788275666035,0.9522128921116455,0.4051969753666577,Ile De La Possession,Crozet,Indian
46.151935562130774,3.1682789170330268,12.057621993167091,11.78260327509633,0.1109906626986092,11.078886149370264,12.309873499300293,1.755670482687091,1.1603569282127326,0.42378253030378055,Ile De La Possession,Crozet,Indian
45.83843329253365,3.0905752753977964,15.044879640962872,11.423908608731129,0.1937984496124031,8.935128518971847,10.495716034271723,3.1415748674010606,1.234190126478988,0.6017951856385149,Ile De La Possession,Crozet,Indian
45.5392809587217,2.8782136638328377,12.578100993547062,11.441155382566832,0.18436955853733478,11.02120249923179,13.24387995493188,1.8232100788691994,0.8501485199221549,0.44043838983918865,Ile De La Possession,Crozet,Indian
